asv_id	sample1	sample2	sample3	sample4	sample5	sample6	sample7	sample8	sample10	sample11	sample12	sample13	sample14	sample15	sample16	sample17
3d815ba01360b643923ca43f8763abf1	12	0	0	0	0	0	0	0	0	0	0	0	0	0	0	0
410ccfc75031a8a18dbc8def55d3bbe7	115	0	0	0	225	0	0	0	0	0	0	63	0	0	97	0
263ee794791b2bf9061272c114192967	14	0	0	4	0	0	0	0	0	0	0	0	0	20	0	0
f67869972eff7782d3a18bfcea527d0c	1043	3	0	1705	738	155	0	7	58	35	38	72	39	0	0	0
b9fcd7d71b74853248517b892d03a745	61	0	0	0	0	0	0	0	0	0	29	0	429	595	148	0
6ea8228cb56f8a62f932f0e613bca40e	61	0	0	0	0	0	0	0	0	0	0	0	0	0	0	0
8c8839583ce4564dbf5c6e917cafb82e	28	0	0	0	0	0	0	0	0	0	0	0	0	0	0	0
229cc738905c1196f22e695969e56221	45	0	0	0	0	0	0	0	0	0	0	0	0	0	0	0
7302f00c95a57e74d68b47ea7a3a513b	10	0	0	0	0	0	0	0	0	0	0	0	0	0	0	0
a087798c8fc6518d5aa68dc67de76cc7	41	0	0	59	0	0	0	0	0	0	0	0	0	0	0	0
1541041a076c31f013b55e61e8798db7	15	0	0	0	0	0	0	0	0	0	0	0	0	0	0	0
c6c3ab4e828fb40d6e05967b7aac9338	8	0	0	0	10	0	0	0	0	0	0	0	17	31	0	26
ad9018f80e00f2ca4b48067195ac310d	355	0	0	0	39	30	0	4	21	0	0	66	0	354	54	4697
a8e53bd66879cd51ecb4e7daf552accb	56	0	0	0	316	0	0	0	0	0	0	0	0	0	0	0
b27640cc941ce052facc24ecb4025ca0	28	0	0	0	0	0	0	0	0	0	0	0	0	0	0	0
b9faa2123bfdcbecf62ed825e48cfee9	42	0	0	46	0	0	0	0	0	0	0	0	0	0	0	0
fc6622c636a5210293fb2873fc4761d9	69	0	0	0	0	0	0	0	0	0	0	0	0	0	0	0
7919e7e486d412f5c4ce28d005af50f7	34	0	0	0	0	0	0	0	0	0	0	0	0	0	0	0
aafd77b0d21c16efe98a044cf24b462c	188	0	0	0	0	0	0	0	10	0	0	41	94	0	0	0
8ae569718dedb49aa1debfe07f256ec4	15	0	0	69	47	0	0	0	0	0	0	0	0	0	0	0
aee0dacb66bb3b44e8986f3859fd19d6	52	0	0	0	0	17	0	10	0	0	38	0	0	152	0	0
4a1e5e44473fcf41f308288148927289	84	0	0	0	0	0	0	0	0	0	0	0	0	0	0	0
fc9c29c603410e8d63c2b52b118f7163	85	4	3	393	0	0	0	0	0	0	0	0	0	0	0	0
5a34c5c584348e49d8b124111d39e842	8	0	0	7	7	10	0	0	0	0	0	0	0	0	0	0
6d42d0d57860a173c91779a6cb0fa09b	26	0	0	0	0	0	0	0	0	0	0	0	0	0	0	0
b189339c3edfb6b775d32f62b7d952dd	60	0	0	0	0	0	0	0	0	0	0	0	0	0	0	0
f37fc1dccfeba0004cbeb4f1ad6083c6	42	0	0	0	290	0	0	0	0	0	0	0	0	0	0	0
4850a238b7fbbd5ffa204c5a5a396f2c	95	0	0	0	0	0	0	0	0	0	0	0	0	687	0	638
7ac476727514afab5e419b27e497c989	60	0	0	2	97	0	0	0	0	0	0	0	0	0	0	0
9ff46635653f27646870df89890ef93c	41	0	0	0	0	0	0	0	0	0	0	0	0	0	0	0
1c7845cb469ffc9537055d27a1054b88	63	0	0	0	0	0	0	0	0	0	0	0	0	0	0	0
988214d80ff589ef4b8d17624fe300ce	52	2	0	0	0	6	0	0	0	0	0	0	0	0	0	0
065a03e3c6c49fbc2aeb0abbacab91ab	31	0	0	0	0	0	0	0	0	0	0	0	0	0	0	0
55bf9b7e494da796fedc9e1fac8dbfe0	10	0	0	0	4	0	0	0	0	0	0	0	0	0	0	0
fd98346394a5c79e554003012cb33826	216	0	0	0	0	24	0	0	0	56	42	157	276	424	143	1529
dad45c53c5e048800b2305e879c0360e	107	0	0	0	0	0	0	0	0	0	0	0	0	0	0	0
ec3df880af706456ac92949b7d60c206	112	0	0	18	0	15	0	0	11	0	5	0	0	0	0	0
4552af3e905206840cf8b67bcaf2693f	119	0	0	0	0	0	0	0	0	0	0	0	0	0	0	0
c06ccd1f7d57566ef669942328b1a946	76	0	0	0	0	0	0	0	21	0	50	101	127	1276	110	1382
f7447c8e079023f4f2579d8580575dd3	183	128	59	112	165	23	157	266	195725	175423	113887	119945	150838	186703	6623	393
9bbe4ba910e5c634ac5f992d12abae5b	12	0	0	0	0	0	0	0	0	0	0	0	0	0	0	0
929f7c727689cc065ad25c92dc6791f6	34	0	0	0	0	0	0	0	0	0	0	0	0	0	0	0
943351fd9018c7eba98e2bdcb5f5aa61	66	0	0	0	260	25	0	5	29	51	58	96	864	1602	222	9
5931b5afa4f691e81f9fa835539139d9	96	0	0	0	0	0	0	0	0	0	0	0	0	0	0	0
97750a793a53b4f383125c439506ca48	31	0	0	0	0	0	0	0	0	0	0	0	0	0	0	0
dcba105f35d8ebc9e22269c7491ad3a7	112	0	0	0	0	63	9	0	0	31	107	140	553	3264	0	2540
681c1740d5917dc84caacdd55ece7ca2	323	0	0	0	0	0	0	0	0	0	0	0	0	0	0	0
416f8959ea4095cb5fcfd43ad5b1b92a	12	0	0	0	0	0	0	0	0	0	0	0	0	0	0	0
85c44c83eddc5d3028261a1000b7d0e1	26	0	0	0	0	0	0	0	0	59	27	0	0	86	0	0
84b2292fcd89a3e6be0b088b3404834f	205	0	0	5	167	25	0	0	0	0	0	69	869	225	459	2190
4d32c433af9104413a6d0e85aa240c0d	55	0	0	0	0	0	0	0	0	0	0	0	0	0	0	0
bc56a7361c9a3b49f1f1c51874321e12	147	0	0	0	79	0	0	0	23	23	34	0	0	0	49	0
05da6820bf6065ec74a9f6392623b330	10	0	0	0	0	0	0	0	0	0	0	0	0	0	0	0
e98139cfda96fc20548ce04de8708122	86	0	0	420	0	37	0	0	0	0	0	0	0	0	0	0
8b9232d6805343a62868794602664429	11	0	0	0	0	0	0	0	0	0	0	0	0	0	0	0
b3af0bae36f5b10e0279c16414b20455	24	0	0	0	0	0	0	0	0	0	0	0	0	0	0	0
6f90a19245dbebcc4373cf032147faea	11	0	0	0	0	0	0	0	0	0	0	0	0	0	0	0
f4801b7a68515d9005fa572ee6afdf41	250	0	0	15	214	198	0	19	80	126	65	743	1485	8394	898	33784
0d03e80d457afe8f95a242690f2448e1	28	0	0	21	0	0	0	0	0	0	0	0	0	0	0	0
45d4fe3f6c01f77c2dfc11dd91d3359a	67	0	0	0	0	0	0	3508	0	0	0	0	0	10	19	9
9a68b936857dcf4617a3fde4ccb7b41d	38	0	0	0	0	0	0	0	0	0	0	0	0	0	0	0
48248d39fe1679dba037ab8ecd224260	38	0	0	0	0	0	0	0	0	0	0	0	0	0	0	0
d15bc449222795a9ff230013aa633686	907	4	4	67	831	194	0	14	47	294	392	876	2105	19847	869	8929
895cfe9a6fa540c5b71b678bccb8e175	76	0	0	0	0	0	0	0	0	0	0	0	0	0	0	0
179e3cf8e36ddfd59e6379d662c8da0e	33	0	0	0	0	0	0	0	0	0	0	0	0	0	0	0
2cdb685aa618466715d483b34286c0f8	78	0	0	0	0	0	0	0	0	0	0	0	0	0	0	0
c4766eaeb8b48f90a57bc0dc8185e2b6	37	0	0	8	0	0	0	0	0	0	0	0	0	0	0	0
b4248592f18e50d266d78b6dddf95aba	5	0	0	34	0	0	0	0	0	0	0	0	0	0	0	0
38d015160cb8c43c01acfe0f2cdc9583	8	0	0	3	0	0	0	0	0	0	0	0	0	0	0	0
62727dc7f1b9c5878de3da94b2977f05	13	0	0	0	108	0	0	0	0	0	0	0	0	852	0	0
526b83222d2a70a3f3ecc4684099c543	8	0	0	0	12	0	0	0	0	0	0	0	0	0	0	0
cca9886ace2beb3d78125b29ff6c01a9	27	0	0	0	0	0	0	0	0	0	0	0	0	0	0	0
410a1a55ad49a0b1059d6edefd74087e	131	0	0	0	0	80	0	0	0	46	0	151	480	0	235	0
06f825b512d903b9230e1a55d87359ee	97	0	0	9	176	0	0	0	25	18	79	198	253	8600	70	5197
0e2e91fba1ca9ed7de2d11ea4786c914	158	0	0	0	0	0	0	0	0	0	0	336	0	0	0	192
168b4c646a2616ed325284aa96c9675a	93	0	0	12	222	147	0	0	14	9	97	130	566	5519	623	3553
16450e381e32424b04f7dbe6aa658b2e	22	0	0	0	0	0	0	0	0	0	0	0	0	0	0	0
3eb8abd97bf0440e452437030feb953b	46	0	0	0	0	0	0	0	0	0	0	0	0	0	0	0
2d0712afd7b33d6a862366a8f98c39a4	48	0	0	0	0	0	0	0	0	0	0	0	0	0	0	0
637b9b3f4d1cbb1a10c07817619cdf69	220	0	0	0	237	77	0	0	0	75	70	226	692	1911	77	9128
86f1248ee4ea85afd8c5b67cc1b04d4c	64	0	0	0	0	0	0	0	0	0	0	0	0	0	0	0
c879c6a58d071e0914b0d3f16a0ad032	44	0	0	0	0	0	0	0	0	0	0	0	0	0	0	0
810edae46269d7e49984aad8e2db7232	33	0	0	0	0	0	0	0	0	0	0	0	0	0	0	0
5aec9bd35889489e4a05c78a82358060	57	0	0	0	153	0	0	0	0	0	0	0	0	0	0	460
db1d8e2a3ec12bdf03df47b1aab59bcd	112	0	0	0	0	0	0	0	0	0	0	0	0	0	0	0
810d24ee924214144b5ce85d1626f9cd	254	0	0	27	168	73	0	0	13	85	175	188	1384	2690	309	7364
04d9e9a25a165e1ae821127c7930d209	107	0	0	574	11	36	0	0	2	5	0	0	0	19	0	0
efbe1f58b1e2984ddc53a64f047d94ff	1957	15	6	108	2100	464	0	13	272	426	798	1918	9491	24557	3874	48001
dc6120ebfdfb752ba4e9e2ade66fb996	127	0	0	0	0	0	0	0	0	0	0	0	0	0	0	0
107f967a0abb95e284d9865c80ba370e	224	0	0	6	13	26	0	2	0	0	16	36	629	355	231	4019
e7e101ba1cb791ae807fd6ce3c4f896e	137	0	0	0	0	0	0	0	0	0	0	0	0	0	110	0
4865fb4bf6c7fc0ecdae985373a2c942	15	0	0	0	0	0	0	0	0	0	0	0	0	0	0	0
63c766dae265d076d77ed533a8ac5465	24	0	0	0	0	0	0	0	0	0	0	0	0	0	0	0
6b691e3141a1264a0227e0913c0e08cf	78	0	0	0	0	0	0	0	0	33	0	0	445	0	0	0
f83ae5d2d357acf57d5e91951392a160	55	0	0	14	0	0	0	0	0	6	0	0	0	0	0	0
d6efd2da2728fd74ded268122ee05036	31	0	0	10	0	0	0	0	0	0	0	0	0	0	0	0
15d757bcf0de33ad9008734ccdd2d833	22	0	0	0	0	0	0	0	0	0	0	0	0	0	0	0
227253fef87fe5013141954fceea878d	296	0	0	0	312	44	0	12	0	0	40	67	815	773	116	9764
945f562bda86790338922e12f9854407	102	6	0	10	67	27	0	0	65	44	84	0	677	654	591	7588
fa3be2840777c910e6ffcce73ddc962d	12	0	0	0	0	0	0	0	0	0	0	0	0	0	0	0
945184b6386c192c0066e0a98a154780	38	239	82497	186	25	0	9	18	0	0	75	165	105	0	0	0
e0f311bd2548138f79712a57007d29fa	33	0	0	9	0	0	0	0	0	0	0	0	0	0	0	0
0ede181cba719902c5e1fa933644b97e	101	0	0	0	0	0	0	0	6	0	0	0	0	0	143	1845
b45573f8c0289b4012c897cbc43bbf49	19	0	0	0	0	0	0	0	0	0	0	0	0	0	0	0
820f6693f569e339f183638cd73a7fe6	120	0	0	5	575	22	0	18	0	134	0	31	0	370	0	0
0fc1b4b38c76ff1d5614d73496426a3e	138	0	0	0	0	0	0	0	0	0	0	0	0	0	0	0
4d72007c70f4abc0bf9e8fe8b826d07d	49	0	0	0	0	0	0	0	50	0	0	264	411	3206	293	2518
e57c5df6a9b3b982472e7754ed31f313	70	0	0	0	0	0	0	0	0	0	0	0	194	391	54	1565
675c847bccbc53942ebb7b8cbb4efc4d	23	13	8	21	9	0	0	27	30	0	14	19	34	76	26	70
617526fee4633b7bceb5be042f6329d2	20	0	0	0	0	0	0	0	0	0	0	0	0	0	0	0
516a67156dacfa4341327a7e2a22f877	95	0	0	0	0	0	0	0	0	0	0	0	0	0	0	0
cfb06fef3ab7cd29df940888d176ead6	144	0	0	40	0	0	0	0	0	0	0	0	0	0	0	0
53eaf84a691ddb63db304d72717702ca	260	0	0	0	0	0	0	0	0	0	0	171	0	0	0	0
6c3344e64e6bca3ef40774083662f2e4	69	0	0	32	0	0	0	0	0	0	0	0	0	0	0	0
6faf025d61e54fb3be2f52bd61ad7d78	90	0	0	0	0	0	0	0	0	0	0	0	0	0	0	0
a814e18dc6c018749b8c0e8f314a63aa	41	0	0	0	0	0	0	0	0	0	0	0	0	0	0	2196
845cc0c687e8c2070adc94c6787df325	7	0	0	14	0	0	0	0	0	0	0	0	0	0	0	0
edce6432069aabff929f6808a63740d7	19	0	0	0	0	0	0	0	0	0	0	0	0	0	0	0
c5d89d59ea2012e0bccf7a47f3b9a10b	51	0	0	0	0	0	0	0	0	0	0	0	0	0	0	0
d3e3d75fe7dee9af0999c67321245a43	38	0	0	0	0	0	0	0	0	0	0	0	0	0	0	0
a537d8bab85c83b0e74c73c55790324b	619	0	0	11	0	50	0	0	0	96	134	124	465	5780	401	7845
aa9b3a1418d146c262ec63305292065a	120	0	0	18	73	0	0	32	0	0	24	0	333	0	0	1524
b1ca7f0a22480c6cf48fc8523e4336a0	51	0	0	0	0	0	0	0	0	0	0	0	0	0	0	0
22b3c70cdfb1714224e1bf8a6314bee9	268	0	0	107	0	0	0	0	0	0	0	0	0	0	0	0
0a152d096d65c3cb82fb2f9745441648	163	0	0	0	31	0	0	0	27	27	0	38	0	173	0	2221
a0504fc7dc385abde7e65c1c95f4eed8	80	0	0	0	0	0	0	0	0	0	0	0	0	0	0	0
3081c56326ba2549e3cd5e7b30aec8cb	31	0	0	0	0	0	0	0	0	0	0	0	0	0	0	0
d114fb4c335125128be28401522dd41a	60	0	0	3	146	13	0	0	0	0	61	0	0	778	28	1036
56bde454092279f47b556883d5909620	41	0	0	0	0	0	0	0	0	0	0	0	0	0	0	0
a85cccd8d15008d5e4054817d64ff645	46	0	0	0	0	0	0	0	0	0	0	0	0	0	0	0
3d6da4853055ccfc80db03cefee88f5a	85	0	0	0	0	0	0	0	0	0	0	0	0	0	0	0
e5c19d7800b18015f3a917fc015fc42f	334	3	0	3	0	0	0	5	18	43	133	782	5	18	2	11
ed19ae92b49954159fdc377663bca9b9	22	0	0	0	0	0	0	0	0	0	0	0	0	0	0	0
abd34643df4e48940286e05ff8518132	377	0	0	43	314	250	0	0	89	184	340	320	2427	13982	1416	28425
da5bc53279a680c25d503cb1bdc0e57a	1304	0	0	46	4584	764	3	27	124	1061	217	1644	1080	7294	1272	17125
e9a5c42069d4c61ee0a12d70aa3df263	185	0	0	0	0	0	0	0	21	12	39	191	429	0	7	1370
7911816f5e81f650f769aba0d5c708cb	49	0	0	0	0	0	0	0	0	0	0	0	0	0	0	0
7aab703332258f6b5a0bd9aec19e8a8f	37	0	0	0	0	0	0	0	0	0	0	0	0	0	0	0
04b8b02dd86522f055095c2ef17286ad	78	0	0	0	0	0	0	0	0	0	0	0	0	0	0	0
3532ee5d1280915b292f8fc5fcef70de	13	0	0	0	0	3	0	0	0	0	0	0	0	0	0	0
99e433a3ce4d5290445f668df2c9147e	59	0	0	0	0	11	0	0	0	25	0	0	0	0	59	7212
14bd996002a8a906e9ffe7c33b98e627	15	0	0	0	0	0	0	0	0	0	0	0	0	0	0	0
8118775102490bbf2b142c53c7d3dc41	27	0	0	0	0	0	0	0	0	0	0	0	0	0	0	0
04ecfad5772d2e09a84a0f5ef460536c	113	0	0	0	0	0	0	0	12	101	17	270	4	2587	198	11645
530f95a487a62a2c587656db22682959	48	0	0	0	0	0	0	0	0	0	0	0	0	0	0	0
8735f92a7f18db944bc862777fbd3222	24	0	0	0	244	0	0	0	0	0	0	0	0	0	0	0
238ba78516f666cb2b29854f9a5bb2eb	50	0	0	0	0	0	0	0	0	0	0	0	0	0	0	0
5648dccee530d68ceb3e4d7d22cf8756	2573	0	0	111	1996	470	6	50	307	579	683	2381	7262	19728	1584	90358
d008fc252d665525a038349e1de8d08a	17	0	0	0	0	0	0	0	0	0	0	0	0	0	0	0
e61a7bc42a30f0ca4f170b5e3f6cad0c	71	2	0	0	106	0	0	0	0	86	18	56	683	1110	98	7437
657285e7da61e39e66d6fd8ca6967b97	10	0	0	0	0	0	0	0	0	0	0	0	0	0	0	0
20d2c8f95c211abb7fe409715392b70d	236	0	0	0	0	0	0	0	0	0	0	0	0	0	0	0
bdb56dc6a6c709b1f8ec61465cf55933	1263	0	0	1845	807	205	0	0	56	45	38	54	0	65	0	0
40a2bfa33331881a48bf88367915f7a3	100	0	0	0	0	0	0	0	0	0	0	0	0	0	0	0
65d43491988bfe557da4d86a5ba25dae	10	0	0	133	284	68	7	76	36	74	53	116	460	636	25	183
3db59d804842a04c197a9f62a4d66b4d	115	0	0	0	0	0	0	0	0	0	0	0	0	0	0	0
46e9544e9c5e7ed6d90a7b50a8a9c990	27	0	0	0	0	0	0	10	0	0	0	0	0	0	0	0
f89de2bf7f49b029816f091500509c97	135	0	0	0	0	0	0	0	0	0	19	324	202	0	0	0
4b9e79408858a81f04092b1cabc5fa57	16	0	0	0	0	0	0	0	0	0	0	0	0	0	0	0
530813cb44462e344f1d95aa565c7b45	47	0	0	4	0	0	0	0	0	0	0	0	0	0	0	0
ab14656b67429166618ae600171aa475	25	0	0	0	0	0	0	0	0	0	0	0	0	0	0	0
adf8882d5fd60155f03f9a52e900d32d	48	0	0	0	0	0	0	0	0	0	0	0	0	0	0	0
a26993c92e8f6b52ee969846ab63f08a	28	0	0	0	0	0	0	0	0	0	0	0	0	0	0	0
5c1dd48ef0a674513626f5c85ea126ee	154	0	0	0	0	0	0	0	0	0	0	0	0	0	0	0
ddfd49f939f92958b1ec816741055348	77	0	0	0	0	0	0	0	0	0	0	0	0	0	0	1802
394eda29c886632f514dd94b58381186	0	21400	0	0	80	0	0	0	0	0	22	0	0	4215	78	0
2b72f323add0a71ba91457e70ac8d01e	0	25	0	0	0	0	0	0	0	0	0	0	0	0	0	0
3e4ac2ed9dd10cfe7bb59db02b610387	0	27	0	0	0	0	0	0	0	0	0	0	0	0	0	0
9908fffab7ed4f3bec44cda2f5084d49	0	82093	0	7	0	0	0	0	0	0	0	113	0	0	0	26
2740cf2417c92847cc298cbd71dd1fcd	0	10979	0	0	90	0	0	0	0	0	0	0	0	10613	0	0
cd24a0915f66d42f295b507570c0c4b1	0	16	0	0	0	0	0	0	0	0	0	0	0	0	0	0
fb67b286b0f781b0de13d50179318995	0	7	0	18	0	92	0	0	0	15	69	350	635	2457	588	2761
cd9401a6bce4a63af516d06d2a843f9d	0	12315	0	0	0	0	0	0	0	0	0	0	0	0	0	0
7664d9070abfcded1ff5248a2a93f8a0	0	40	12043	0	0	0	0	0	0	0	0	0	0	0	0	0
d7250c9b8f7e749149b334c6e570e8bb	0	23	0	0	0	0	0	0	0	0	0	0	0	0	0	0
819446b7e29fb933f85571632dd7b521	0	4830	0	0	0	0	0	0	0	0	0	0	0	0	0	0
0e2d370f860f8262fe2d1fd778dd030f	0	414	0	0	0	0	0	0	0	0	0	0	0	0	0	0
3bae00d865b43e800a6f297f958ac2de	0	23227	0	0	0	0	0	7	0	0	0	5	0	0	0	15
32f8fd11d2bee278d609a1d4ab767554	0	9	0	0	0	27	0	0	0	0	0	0	0	2139	0	515
33518e48b174ac428cb7be1a216c6c6e	0	5	0	16	0	0	0	0	13	0	0	16	12	33	11	33
8e175abe6a746b8f33bae9cd7c8192bb	0	10	0	0	0	0	0	0	0	0	0	7	0	0	0	0
923f521b9cf313f1f95c9367e09bbc1c	0	775	0	0	0	21	0	0	0	0	0	0	0	0	60	0
96b2e9080976cc91e9da625f6c6cc3c9	0	16	0	0	0	0	0	0	0	0	0	0	0	0	0	0
c65914f8b68f6ae360d2e08ec6682eeb	0	72	0	0	0	0	0	0	0	0	0	0	0	0	0	0
4878d66e40ea6ff4441422ba0a98f33a	0	79	0	0	0	0	0	0	0	0	0	0	0	0	0	0
d46e2205f0c6ecf67b51f83d111c509c	0	0	9	12	0	0	69370	18	0	0	0	6	14	23	8	27
1324c65a477372d32ab4ecc745c7b8f9	0	0	73	0	0	0	0	0	0	0	0	0	0	0	0	0
e686bd51f20d05151acdbbe08a285f89	0	0	16	0	0	0	0	0	0	0	0	0	0	0	0	0
3b94c19ef326eea0918e1c3d244c999c	0	0	11051	0	0	0	0	0	0	0	0	0	0	0	0	0
163ddb003590be9ec053dae707febe3b	0	0	67	0	0	0	0	0	0	0	0	0	0	0	0	0
ef8036dd814d3cc8c0afb61dd22eaf39	0	0	77	0	0	0	0	0	0	0	0	0	0	0	0	0
6666b8ca90aa92990cbec92eede93c5a	0	0	14	0	0	0	0	0	0	0	0	0	0	0	0	0
9882ffb0f8ed6086ec28419c7882f26a	0	0	0	21	0	0	0	0	0	0	0	0	0	0	0	0
bebd63b1670c30b423e72c868de1c35d	0	0	0	25	0	0	0	0	0	0	0	0	0	0	0	0
642c0debae8dbeb7eff1220cfb2ed4e4	0	0	0	8	0	0	0	0	0	2	0	0	0	0	0	0
35ffcc3b809d667286737d79670b8de5	0	0	0	8	0	0	2	234	0	0	0	0	0	0	0	0
ed068253a81323f80f3085c9961dd58e	0	0	0	17	0	0	0	0	0	0	0	0	0	0	0	0
753563f242fcc08fa6ebef271f577f9d	0	0	0	29	0	0	0	0	0	0	0	0	0	0	0	0
ec1ecd920b39d9b1bc2ca1e0e0ba1ecd	0	0	0	15	0	0	0	0	0	0	0	0	0	0	0	0
5c21169e0a7fef522315256a662bbe98	0	0	0	23	22	0	0	0	0	0	0	0	0	0	0	0
dcbb0ec953016cddbaee91db1f80eb3b	0	0	0	50	0	0	0	0	0	0	0	0	0	0	0	0
4f6e42decbb73a6c573fb6cc2a1cf8cc	0	0	0	44	0	0	0	0	0	0	0	0	0	0	0	0
9a7ad28b4a6460c9462add4c8b48debf	0	0	0	19	0	0	0	0	0	0	0	0	0	0	0	0
ddf3fa861d7627fd727aab139bbf745f	0	0	0	28	0	0	0	0	0	0	0	0	0	0	0	0
7cb829480bc322f1c58a9eb8d388cb0e	0	0	0	53	0	0	0	0	0	0	0	0	0	0	0	0
8610c90112cd16316c5040da6ea543f8	0	0	0	10	0	0	0	0	0	0	0	0	0	0	0	0
7d1a8d3f91c833657bff01223e51e9e9	0	0	0	9	0	17	0	0	0	0	0	0	0	0	0	0
08a0cf376add32f3f4b57ec1e82a7a27	0	0	0	20	0	0	0	0	0	0	0	0	0	0	3	9
cff91f92ebadff0ecf455925e3e91b54	0	0	0	17	1031	22	0	0	20	159	0	176	2728	9621	608	19863
9db6065dfa5f306778c1a370f3267d73	0	0	0	11	0	0	0	0	0	0	0	0	0	0	0	0
d68c2e605de1d300b15774ce39fb2665	0	0	0	14	0	0	0	0	0	0	0	0	0	0	0	0
c0f41daec888d2f184925c64ae1ddc38	0	0	0	23	0	2	0	0	0	0	0	0	0	0	0	0
0612ae9b3c7481acb9a627209ead30a3	0	0	0	10	0	0	0	0	0	0	0	0	0	0	0	0
432317d32f80ed5df50fd850ebecd829	0	0	0	11	0	0	0	0	0	0	0	0	0	0	0	0
da5b5b83c02106e298a40b8d2a6b93cf	0	0	0	71	0	0	0	0	0	0	0	0	0	0	0	0
369d497b12be88997835a9c9ca6f7018	0	0	0	5	0	0	0	0	0	5	0	0	0	0	0	0
6e15ba083eea62e3f6796d428dd0b84d	0	0	0	21	0	0	0	0	0	0	0	0	0	0	0	0
107273e73071282e4d0f4a0b46548da5	0	0	0	4	46	11	0	0	0	0	12	0	172	201	159	1984
0d11b306e6290021bbc3dfb7d2c27521	0	0	0	29	0	10	0	0	0	0	0	0	0	0	0	0
8507a6f734ac345dad2fde0429948f56	0	0	0	16	0	0	0	0	0	0	0	0	0	0	0	0
5fe8a79baa0e9601bc73ff3938dbf497	0	0	0	5	0	0	0	0	0	0	0	0	0	1055	175	859
90d144ef54fb9e725f8c125c4681c322	0	0	0	46	0	17	0	0	0	5	0	0	0	0	0	0
780be060e4d9f39dd171fd2aa3f6a204	0	0	0	12	0	0	0	0	0	0	0	0	0	0	0	0
07ef4df489a0c64633dd7581eb71054b	0	0	0	13	0	2	0	0	0	0	0	0	0	0	0	0
6c6034b9960d1ef7ba54951bf87e732d	0	0	0	15	0	0	0	0	0	0	0	0	0	0	0	0
79625acb0ac67c9bc692b22cf76aad61	0	0	0	12	0	0	0	0	0	0	0	0	0	0	0	0
f4c59b028a7ef634d0caa7aae886c14b	0	0	0	17	0	0	0	0	0	0	0	0	0	0	0	0
a922a1c76a527ffcd8e920047fb6a335	0	0	0	4	0	8	0	0	0	0	0	0	0	0	0	0
b5cb47ddfe0cf1e90468e984e2dd30c5	0	0	0	13	0	0	0	0	0	0	0	0	0	0	0	0
c806895fc6a45822baea5dc9c30a151a	0	0	0	6	0	0	0	0	0	0	0	0	0	1129	163	0
66217a57c66559d754a23f8f3b2385eb	0	0	0	5	0	0	0	0	0	0	15	164	0	0	0	0
ee33b39cbd3a238e69daeb0c44aabeda	0	0	0	33	0	0	0	0	0	0	0	0	0	0	0	0
731832092e011638e277dcd067e86634	0	0	0	54	0	0	0	0	0	0	0	0	0	0	0	0
1f0336308c61798f9d73fe4db5e403c1	0	0	0	5	172	0	0	0	0	0	0	0	0	0	0	0
baef66440c129003affb5223da3a98eb	0	0	0	14	0	0	0	0	0	0	0	0	0	0	0	0
845cfc3bc81436d5f26f001140c89ebb	0	0	0	8	0	0	0	0	0	0	0	46	0	0	0	0
b5e17e5a307258b2cf0d1983d3387d9e	0	0	0	68	0	0	0	2	0	0	0	17	21	0	0	0
6a16cc38640bb003412e65af4517fa39	0	0	0	14	0	0	0	0	0	0	0	0	0	0	0	0
b27448acdf160a49e25eb250f3c7cf45	0	0	0	31	0	0	0	0	0	0	0	0	0	0	0	0
e367c507f40fc1e94d1ebfe9c87b0145	0	0	0	7	0	29	0	0	0	12	0	0	0	0	0	0
d323dc6b0cb4fa9923cc55ed5a7af730	0	0	0	181	0	0	0	0	0	0	48	0	0	0	0	0
6c10790a7a8bf11ff2c7d7ef1cba42c1	0	0	0	2	0	36	0	0	0	0	47	0	0	0	0	0
0d197b0ccf709e093995833028de72cd	0	0	0	10	62	59	0	4	29	64	14	274	573	3732	186	5881
c90ea6255efab85da18b1508398f8b4e	0	0	0	11	0	0	0	0	0	0	0	0	0	0	0	0
fd49e69f94c6e1d27fa06bfa3ee94591	0	0	0	27	0	29	0	0	0	0	0	0	0	0	0	0
e6dde607910c5ca359221daf6e15f8ca	0	0	0	59	52	14	0	0	0	3	0	0	0	0	0	0
546e6136333ed75b3be5c884fed747b6	0	0	0	35	0	0	0	0	0	0	0	0	0	0	0	0
eed4445c6828c17a10169e46afa6fa5c	0	0	0	6	0	0	0	0	0	0	0	0	393	478	0	6413
a293231c3c355160f310e55ed2946f48	0	0	0	24	0	4	0	0	0	0	0	0	0	0	0	0
4245fe74d6dc62e222f933d3dc8502f5	0	0	0	46	0	0	0	0	0	0	0	0	0	0	0	0
574e4c6c6a6edbc46e0eba98885d3437	0	0	0	179	0	25	0	0	0	9	0	0	0	0	0	0
7ff346973a282aa55de296afdb5d74af	0	0	0	12	0	0	0	0	0	0	0	0	0	0	0	679
ba9d386029032851c92f278f52a0ae6e	0	0	0	16	0	0	0	0	0	0	0	0	0	0	0	0
59235c68c9b264875db0e396089609d6	0	0	0	64	18	0	0	0	0	0	0	0	0	0	0	0
7b28c20e72c6c95b3e604f0849245770	0	0	0	3	4	0	0	3	0	0	0	2	0	11	5	9
d571e89f703c100697bf20b9a8463c21	0	0	0	16	0	0	0	0	0	0	0	0	0	0	0	0
00c7b21633c339e40160bc68e451f073	0	0	0	7	5	0	0	0	0	0	0	0	0	0	0	0
46685e7f31358da5e49d94ff3605c259	0	0	0	38	0	0	0	0	0	0	0	0	0	0	0	0
d95265f386110007b80d309aac837559	0	0	0	27	0	0	0	0	0	0	0	24	0	0	0	0
7fb08fa9b7b2eef6a3db57d0de769227	0	0	0	13	0	0	0	0	0	0	0	0	0	0	0	0
527a26f68549f95a6bbad385a72d8125	0	0	0	24	0	0	0	0	0	0	0	0	0	0	0	0
efce3e7197c7d93f90df4009de2c35cb	0	0	0	46	0	0	0	0	0	0	0	0	0	0	0	0
ef10350c2e73a3b1679aab84d3d38421	0	0	0	29	13	0	0	0	0	0	0	0	0	0	0	0
51f7462a083e1466c8f479588c129e8e	0	0	0	6	0	9	0	0	0	0	0	0	432	1287	0	0
45eaf340f59878e26e667c363f165f44	0	0	0	0	22	0	0	0	0	0	0	0	0	0	0	0
0ba210559c7884e7157bf87ac5a7acd8	0	0	0	0	232	0	0	0	0	0	0	0	0	0	0	0
0b6da120bd2ed5ce1a9b73c662a1a4cd	0	0	0	0	43	0	0	0	0	0	0	0	0	0	0	0
fb4fbda70fd5a5201c32dc0bbd936fd6	0	0	0	0	160	0	0	0	0	0	0	30	0	0	43	0
6b45eade5eef42666897de84fcff2762	0	0	0	0	28	0	0	0	0	0	0	0	0	0	0	0
07d36914beaeb55bddb6ca7cad6e555a	0	0	0	0	14	0	0	0	0	0	0	0	0	0	0	0
fe2b0c8128200fdfbdb60114d472e58c	0	0	0	0	2	0	0	0	0	0	0	0	18	0	0	0
8405088b6189faf6a7ac70405b8cf2b1	0	0	0	0	113	0	0	0	26	0	18	263	2573	0	0	6908
5722f4bc1d3a92e1305f17ff622c198c	0	0	0	0	33	0	0	0	0	0	0	0	0	0	0	0
fdfbc18a0027503081ff1fdcc062a82c	0	0	0	0	36	0	0	0	0	0	0	0	0	0	50	0
ee161caa02c1f4511234d81e061d790e	0	0	0	0	224	0	0	0	0	0	0	0	0	0	0	0
68084402ba50c5318fb1062026beb58d	0	0	0	0	50	0	0	0	0	0	0	0	0	0	0	0
e9a3fed12d7364f4d908d38e872b58af	0	0	0	0	45	0	0	0	0	0	0	0	0	0	0	0
3bb0bf5132b0f988573de9bd6059b22c	0	0	0	0	124	0	0	0	0	0	0	0	0	523	0	0
2553da52c7191148ca9d1562c7fd3a3a	0	0	0	0	41	0	0	0	0	0	0	0	0	0	0	0
d295b9a63b6148b9f4663819da1c914b	0	0	0	0	31	0	0	0	0	0	0	0	0	0	0	0
867b74b63860e15634796c9aec690cf8	0	0	0	0	16	0	0	0	0	0	0	0	0	0	0	0
29fbc7e5021229480248fa7466a499a2	0	0	0	0	89	0	0	0	0	0	0	0	0	0	0	0
1354d8eddb9222983aca5a2fd2c6c7a5	0	0	0	0	60	0	0	0	0	0	0	0	0	0	0	0
4eeadf699a61c25e24c312c1dfa0390b	0	0	0	0	16	0	0	0	0	0	0	0	0	0	0	0
7b98f85b43db30c605867cca3737a5bc	0	0	0	0	46	0	0	0	0	28	0	0	0	0	0	0
cf017f02bad9a8deaf9f49407490da1b	0	0	0	0	13	0	0	0	0	0	0	0	0	0	0	0
d6cc22893c83750b9aac5cd1ed5e3c13	0	0	0	0	37	0	0	0	0	0	0	0	0	0	0	0
07be158f869946008dbb829a23cad790	0	0	0	0	90	0	0	0	0	0	0	0	0	0	0	0
d79193ea3a537e0958eec7cc08ef1fcc	0	0	0	0	34	0	0	0	0	0	0	0	0	0	0	0
c284cda6e10a4320919abfdc02e2fa02	0	0	0	0	81	0	0	0	0	0	0	0	0	0	0	0
d32e579b3ae7b2aae8d5bf9f027c29af	0	0	0	0	220	120	0	12	61	95	0	209	348	1245	190	3419
33308d77570563168050a88cffdc2d8a	0	0	0	0	83	0	0	0	0	0	0	0	0	0	0	0
cddbe4ed72203b50128909eeffdb1821	0	0	0	0	55	0	0	0	0	0	0	0	0	0	0	0
b059e87da7458ee8e54fa60869c79eb8	0	0	0	0	182	0	0	0	0	0	0	0	0	0	0	0
7f1fc24634f1ecc6ec0d1164a104efed	0	0	0	0	57	0	0	0	0	0	0	0	0	0	0	0
932e083ddf03623d91ddee185793155b	0	0	0	0	82	0	0	0	0	10	0	0	0	0	0	0
1a5adda87b28d8b3384eba66140a610a	0	0	0	0	14	0	0	0	0	0	0	0	0	0	0	0
6ea7199bc8fde03008102127edc916c4	0	0	0	0	50	0	0	0	0	0	0	0	0	0	0	0
d86d21b10dfe93222dfe62464a86b8a5	0	0	0	0	32	0	0	0	0	0	0	0	0	0	0	0
7018cf99f3b4ab914a6c1303d6818d0b	0	0	0	0	21	0	0	0	0	0	0	0	0	0	0	0
c2d5b1fe7e78d3d6f19b77c071c5c0f8	0	0	0	0	16	0	0	0	0	0	0	0	0	0	0	0
853c4edf06b2a936ef36e6285fca60d9	0	0	0	0	89	0	0	0	36	0	0	0	0	0	89	0
d829bee4984f82ffc2453212157caf96	0	0	0	0	28	40	0	0	35	19	59	0	0	487	43	0
3ebe761bfb1238c87195d431f41bf976	0	0	0	0	81	119	0	0	0	0	137	0	1945	1943	167	801
63afe8e6aac58bf0d670a82ca5bc574c	0	0	0	0	34	0	0	0	16	0	40	0	0	0	145	0
fa0bfc5b671a0016df8fd1840f314bab	0	0	0	0	57	18	0	0	0	0	0	81	391	521	72	779
43fddf1528d4a98928fd8c3a8ac23bfd	0	0	0	0	166	0	0	0	0	0	0	0	0	0	0	0
cc3cdd2ff9769ffe23e1c9cb097e0af8	0	0	0	0	15	45	0	0	26	0	0	0	0	0	0	0
cc02d8e02665dcb672be926e61f5d0ec	0	0	0	0	75	0	0	0	0	0	0	0	0	0	0	0
2bd9309f2f97cae51d18d06ea1ca519a	0	0	0	0	32	0	0	0	29	0	0	35	0	5853	0	0
f258cb8eccd57f6e03078a794f44a8a1	0	0	0	0	88	0	0	0	0	0	0	0	0	0	0	0
0f6883843317e5769500e4f375bc9b26	0	0	0	0	75	0	0	0	0	0	0	0	0	0	0	0
dd19fcd992be54ea6ee4af40b1274998	0	0	0	0	37	0	0	0	0	0	19	0	0	0	0	0
6f3f68e5c8e2a11b388ddbbea9fa182d	0	0	0	0	123	0	0	0	0	0	13	0	416	0	0	0
2ca8c8e4ad8e554860a2be11b8f3f46b	0	0	0	0	13	0	0	0	0	0	0	0	0	0	0	0
70f1a6fd7914f39ebe67d958d5c0534b	0	0	0	0	96	0	0	0	0	0	0	0	0	0	0	0
570506817b005cdceccbb0ad2e7e9660	0	0	0	0	47	0	0	0	0	0	0	0	0	0	0	0
a70109851e144430b11274847d5b8e0e	0	0	0	0	65	0	0	0	0	0	0	0	0	0	0	0
29460a674b3cf425103f99b650e7f622	0	0	0	0	21	0	0	0	0	0	0	0	0	0	0	0
d95c9b9d40850582e8fa353fcade987b	0	0	0	0	74	65	0	0	0	0	0	94	0	1819	19	2212
99deb3c5ecb022ec05609ebd1112a557	0	0	0	0	6	0	7	0	8	10	0	8	8	21	0	32
4848f24937fb9882bc819ad9e4a9a5a1	0	0	0	0	21	0	0	0	0	0	0	0	0	0	0	0
aad3c60a03a9220c3b6f2d5b836c572a	0	0	0	0	77	0	0	0	0	0	0	0	0	0	0	0
1d88b5b8fa76588ab2d2d651819e6ba3	0	0	0	0	74	0	0	0	0	0	0	0	0	0	0	0
59ecff4414da20aa02d13d600afe87ce	0	0	0	0	143	0	0	0	0	0	0	0	0	0	0	0
7cc9bd23d0a81b25254d454f13cc7e35	0	0	0	0	73	0	0	0	0	0	0	0	0	0	0	0
2c982937754e6321f861027032db80f7	0	0	0	0	5	0	0	0	0	0	7	0	0	15	0	14
496ecde24f9ab698992413d3d4f04b5f	0	0	0	0	118	69	0	0	0	22	34	265	0	5405	65	0
2b521c5dd6f1a2a7dcad9e3639e118d0	0	0	0	0	30	0	0	0	0	0	0	0	0	0	0	0
aa7bc7235c03dcf4e81fd9bacbd45492	0	0	0	0	54	0	0	0	0	0	0	0	0	0	0	0
73d82bf11e8c7e1d91e5a14555d28e79	0	0	0	0	13	0	0	0	0	0	0	0	0	0	0	0
be390717dd3fd9293ce02a7e8b903e08	0	0	0	0	36	0	0	0	0	0	0	0	0	0	0	0
e42b1bd3d157f6b8807f3642c30ce398	0	0	0	0	13	0	0	0	0	0	0	0	0	0	0	0
7a81b40c1b935b99461b1dd1452c410d	0	0	0	0	0	23	0	0	0	0	0	0	0	0	0	0
d460b340e185a1d3b30bfc1825d93fbf	0	0	0	0	0	15	0	0	0	0	0	0	0	0	0	0
e4a8eb0c04e934e2fd2c6dc711168ee5	0	0	0	0	0	16	0	0	0	0	0	0	0	0	0	0
8ff5cf9d564c7f53638c77384a931326	0	0	0	0	0	20	0	0	0	0	0	0	297	0	0	0
c06aaedeb56babd7f521fa4427b3ad79	0	0	0	0	0	13	0	0	0	0	21	0	0	751	0	0
eb425339a6df3598a9d032d529058112	0	0	0	0	0	35	0	0	0	0	0	0	0	0	0	0
7dd05175076b873d4d2a60d811533d60	0	0	0	0	0	13	0	0	0	26	0	0	0	0	0	0
77838a7e62c514e0cf798845fc1d5f65	0	0	0	0	0	33	0	0	0	0	0	0	0	0	0	0
efdbc15f8cc7f9083e2a424b0b1270d7	0	0	0	0	0	20	0	0	0	0	0	0	0	0	0	0
1c73e1dd8862b6fdbc044d6e0d9ecc26	0	0	0	0	0	18	0	0	0	0	0	0	0	0	0	0
e8386d3a307c208c4b9f0a756259cd6b	0	0	0	0	0	39	0	0	0	0	55	0	488	0	391	3989
57a3a1dc8b44bc66323c2f9f69e2f1c1	0	0	0	0	0	23	0	0	80	54	0	142	846	1197	362	0
4e0763702795e6afb59e7d22281a0099	0	0	0	0	0	38	0	0	0	0	0	0	0	0	0	0
1e1178f3163cc9169597e95ff04f6ec6	0	0	0	0	0	39	0	0	0	0	0	0	0	0	0	0
23bd044024010c3ba28e2542b98a22e1	0	0	0	0	0	25	0	0	0	0	0	0	0	0	0	0
0e4b96294f2a2985a5d7fd8c87f7ce6d	0	0	0	0	0	107	0	0	24	0	57	0	437	0	14	0
39ace4df8b6bfc9ca0205ee5df729c6b	0	0	0	0	0	10	0	0	0	0	0	0	0	0	0	0
7906a413a9303c9dd079551031e61840	0	0	0	0	0	15	0	0	0	0	0	0	0	0	0	0
6f1b895534bd2ec180146524718403e1	0	0	0	0	0	12	0	0	0	0	0	0	0	0	0	0
b7ae2d92c6199a9e58c97d0e75865d36	0	0	0	0	0	19	0	0	0	0	0	0	0	100	0	0
9be75be9953b79f5ce23b9defa67a4b5	0	0	0	0	0	31	0	0	0	0	0	0	0	0	0	1854
0f62beec3f7544c2dc0dda2869f21444	0	0	0	0	0	16	0	0	0	0	0	0	0	0	0	0
e626d55d018b4b9406d94fe4f1638890	0	0	0	0	0	29	0	0	0	0	0	0	0	0	0	0
9eab7a1249300ee6e9757c224201f94d	0	0	0	0	0	21	0	15	0	0	0	0	0	0	0	0
a7da93a9744a7863292bcf97d47b6a10	0	0	0	0	0	16	0	0	0	0	0	0	0	0	0	2007
552d9bb438e93242771443d47208de8c	0	0	0	0	0	14	0	0	0	0	0	0	0	0	0	0
4ee3d1513ddb5ecc3ae45abc54bfa03d	0	0	0	0	0	21	0	0	0	0	0	0	0	0	0	0
ce7259b9e793f652dba0589910ba9e55	0	0	0	0	0	37	0	0	0	0	0	0	0	0	0	0
385197fd9f310da44597d7a6a8ad6916	0	0	0	0	0	19	0	0	0	0	0	0	0	0	0	0
da71cd557891a8d231c428e63874890b	0	0	0	0	0	11	0	0	0	0	0	0	0	0	0	0
9d225368fe50b693fdf749b61af0813f	0	0	0	0	0	28	0	0	0	0	0	0	0	0	0	0
e1e925fe43e2cdaa9fee7bb0f2ace59f	0	0	0	0	0	21	0	0	0	0	0	0	0	0	0	0
dcc51467d37f5fa18011abb4f2bbf135	0	0	0	0	0	19	0	0	0	0	0	0	0	0	0	0
dcd439735665dd65984682fc752a53c3	0	0	0	0	0	28	0	0	0	0	0	0	0	0	0	0
c8ca3eaf7b696a82923417490bae0820	0	0	0	0	0	19	0	0	0	56	19	232	0	0	108	0
120b5354b75beab2d8847fcff9fb08b9	0	0	0	0	0	10	0	0	0	4	0	0	0	0	0	0
29fe849342cb54969a7cebabdf7c0f70	0	0	0	0	0	25	0	0	0	0	0	0	0	0	85	0
036cdadc61a44ad8a494d7b11d9d1cad	0	0	0	0	0	12	0	0	0	0	0	0	0	0	0	0
a4f9a5406189082062e98999dfa7a48d	0	0	0	0	0	15	0	0	0	0	0	0	0	0	0	0
848805ca6f2a48fea4aaf382ec4c03b0	0	0	0	0	0	40	0	0	0	0	0	0	0	0	0	0
b477eef4671328cc6bdec0b0af6a342c	0	0	0	0	0	17	0	0	0	0	0	0	0	0	0	0
f61a3f5ae92101b5fdb95135b7d090ca	0	0	0	0	0	11	0	0	0	0	0	0	0	0	0	0
7bf814b718388490bd07a68a5c92125c	0	0	0	0	0	11	0	0	0	0	0	0	0	1051	0	0
22fd7a66bab4dd2a74caecb872d3fcc2	0	0	0	0	0	40	0	0	0	0	0	0	0	0	0	0
c66ea3d804ab0d5346b5d0a31b4562ae	0	0	0	0	0	46	0	0	0	36	0	185	0	146	0	4318
c24e0e391aa836b5eae25567c7eb89ee	0	0	0	0	0	6	0	0	0	0	8	0	0	0	0	26
e877530e8b5a7e3848601d7358b61974	0	0	0	0	0	15	0	0	0	0	0	0	0	0	0	0
889b3824f9f3709fc805ea887f859e90	0	0	0	0	0	14	0	0	0	0	0	0	212	0	0	0
9ac3bb1d7dedb08a012692a6f536b5af	0	0	0	0	0	10	0	0	0	26	0	0	0	0	0	4418
6165be2f70e0a5d780ad4a35b9101595	0	0	0	0	0	15	0	0	0	0	0	0	0	0	0	0
8b5884acc8c736df09c4260b50dc9297	0	0	0	0	0	47	0	0	0	0	0	0	196	1071	0	0
fd04c5224a7a8c685b7ca09d0d869988	0	0	0	0	0	0	51	0	0	0	0	0	0	0	0	0
00c4171c23e5003318d3df6039924d11	0	0	0	0	0	0	37	0	0	0	0	0	0	0	0	0
4f15da23dd524026c48077ef81779bf0	0	0	0	0	0	0	48	0	0	0	0	0	0	0	0	0
edc9e5c16e40aff1eadce6597940f08f	0	0	0	0	0	0	0	11	0	0	62	0	0	0	0	0
4f5efd25dacb5d639316e7291ff6ff8b	0	0	0	0	0	0	0	12	0	0	0	29	0	435	28	0
0df6c802966e8670279671824da4f10a	0	0	0	0	0	0	0	157989	1971	1593	821	391	342	423	363	0
a86c43a65b8fb62fdb1b842a46b34dac	0	0	0	0	0	0	0	109	0	0	0	0	0	0	0	0
c6e7316d3f8cbef8ea5c6bebdbd09dcc	0	0	0	0	0	0	0	5	0	0	0	0	0	0	73	0
70a60612f186462ac3e8cd7ffb50690c	0	0	0	0	0	0	0	12	0	21	0	0	0	0	59	0
7ceaee1f237c61d626a58861ea2653b8	0	0	0	0	0	0	0	200	0	0	0	0	0	0	0	0
d9481250500bf6a3568be9847dc029f4	0	0	0	0	0	0	0	10	0	0	0	0	0	0	0	0
5d1665b0e47078aaf2b5fe621d09976d	0	0	0	0	0	0	0	0	3177	2883	1974	306	1391	6040	0	0
83ac2b6cd080cb0eb12d8d6a2579c8b8	0	0	0	0	0	0	0	0	15	0	0	0	0	0	0	0
8612a638846acf832935cb932a1f0398	0	0	0	0	0	0	0	0	4	24	0	0	0	0	0	0
1b19ddc52f14d0b9a5430a8f2efeb1a8	0	0	0	0	0	0	0	0	26	0	0	0	0	0	0	0
6539ea6c493bfa4c4e96413cc1729f07	0	0	0	0	0	0	0	0	10	0	0	0	0	0	0	0
da7a099cc627349647d6416dfddbf645	0	0	0	0	0	0	0	0	15	0	0	0	0	0	0	0
d42e66828fe856957441cdbba985aa9b	0	0	0	0	0	0	0	0	392	384	0	0	353	0	0	0
c306be51ac566f87a498fe8d3dea5930	0	0	0	0	0	0	0	0	14	0	0	0	0	0	0	0
a9f1305c99ab89b346b1b701f183fff0	0	0	0	0	0	0	0	0	8	0	9	0	460	0	0	0
e2319b6281e012202c31ea8de07a8205	0	0	0	0	0	0	0	0	25	0	0	0	0	0	0	0
d262152832b3034a61d787207c4e09e1	0	0	0	0	0	0	0	0	13	30	8	0	22	16	0	0
5c061dc8bafe80b5767222e204384886	0	0	0	0	0	0	0	0	38	0	0	0	0	0	102	5308
c5c27b52c8a02974ad24c8d5f59a17a7	0	0	0	0	0	0	0	0	21	0	0	0	0	1392	0	0
004695a2ec89593a9f88832ea24fde36	0	0	0	0	0	0	0	0	14	17	0	9	14	19	0	0
f3725c3c46aafd236660d4008d0d19a6	0	0	0	0	0	0	0	0	43	21	0	25	0	0	0	0
0a68ec564e278b0246c920ad7de41880	0	0	0	0	0	0	0	0	15	0	15	25	0	0	0	24
2645e35510e076bf32a4cc6edd7980d6	0	0	0	0	0	0	0	0	19	0	0	0	0	0	0	0
427ae0a31574f89e592eb8e5390620fa	0	0	0	0	0	0	0	0	17	0	0	0	0	0	0	0
bbbb190d6adcf7a239ef510a774a71c5	0	0	0	0	0	0	0	0	32	0	0	0	0	0	0	0
0c77e1cd5ccec3ff2bc8dc14cf1d993a	0	0	0	0	0	0	0	0	22	0	0	0	0	0	0	751
9c6e2614e9586406f4b6a9dc0fa35c39	0	0	0	0	0	0	0	0	23	0	0	0	0	0	0	0
25e5f1305d24402f6753d522f9653cf6	0	0	0	0	0	0	0	0	25	0	0	0	0	0	0	0
584ed24e4043a198e83fdce815b04ed4	0	0	0	0	0	0	0	0	12	0	32	115	15	60	0	684
6bd1e98b1917b7b354e6d9157ff623d9	0	0	0	0	0	0	0	0	18	0	0	0	0	0	0	0
41f3f39a0335a7392afa80327caf0f77	0	0	0	0	0	0	0	0	24	0	0	0	0	0	0	0
0c6918137b6e11c814c5bb8bba30a44d	0	0	0	0	0	0	0	0	13	0	13	0	0	0	0	0
6c7098704b181a5d015aafa16d0d0ef8	0	0	0	0	0	0	0	0	26	85	0	0	0	154	0	643
5673ae66819e3bdbbc09461e4959159e	0	0	0	0	0	0	0	0	29	0	0	0	0	0	0	0
2a39f0b75d31d00b3136b2edbe82962e	0	0	0	0	0	0	0	0	23	0	0	0	0	0	0	0
99b50cb101792dcc4e79a286f38c12fa	0	0	0	0	0	0	0	0	25	0	0	0	0	0	0	0
33295f1846cff2bf9c88e15798fbc91d	0	0	0	0	0	0	0	0	9	0	0	0	0	0	53	0
a6093d78e3d69b14d13898aff1d558c1	0	0	0	0	0	0	0	0	13	0	0	0	0	0	0	0
49efabe6256937d5bd2d18e4df5bb9f2	0	0	0	0	0	0	0	0	14	0	0	91	0	0	0	0
0b17e2bead66bd0e8f96001b33745412	0	0	0	0	0	0	0	0	21	0	0	0	0	0	0	0
47c305878bfc73bfeda34b2ae1a82ee1	0	0	0	0	0	0	0	0	4	7	0	0	6	21	10	13
caf26c393f41a8edba0281b46c4307aa	0	0	0	0	0	0	0	0	226	223	140	0	0	0	0	0
f5f5e0da89730462abaf6301a9557193	0	0	0	0	0	0	0	0	6	13	9	0	19	0	0	25
57d493e272e76b68e3e2ccc27d9a9b44	0	0	0	0	0	0	0	0	25	0	0	0	0	363	0	0
78049948d244c9bc9637a8329e541b51	0	0	0	0	0	0	0	0	181	0	0	0	0	0	0	0
07f299e99befca8220271054ded7f3f8	0	0	0	0	0	0	0	0	36	0	0	0	0	0	0	0
5275514507ef1d09d6258f34027cb25c	0	0	0	0	0	0	0	0	0	37	0	0	0	0	0	0
6110f28a1de867a9983a8a28ecf4e533	0	0	0	0	0	0	0	0	0	21	0	0	0	0	0	0
b7f5af401f678ffbe9f7299cfa59e3bf	0	0	0	0	0	0	0	0	0	42	0	0	0	0	0	0
e9cef3d4a7e8d666f32f5e1385584a73	0	0	0	0	0	0	0	0	0	22	0	0	0	0	0	0
92aae22f62fc5c89e476ca51b594b9db	0	0	0	0	0	0	0	0	0	34	0	0	0	0	0	0
c939ee112ba982665e012437dae05c1e	0	0	0	0	0	0	0	0	0	30	0	0	0	0	0	1358
b8792049fc76ad1cd9eeefca46a6d1a8	0	0	0	0	0	0	0	0	0	12	0	0	0	0	0	0
a375ce81db65e848c1f762344851193f	0	0	0	0	0	0	0	0	0	65	0	0	0	0	0	0
ebdd09eeb268370c3804dc87427ef51b	0	0	0	0	0	0	0	0	0	6	0	0	0	0	35	0
43f8d1ced946461f54ea0b5b7001d5d6	0	0	0	0	0	0	0	0	0	25	0	0	0	0	80	0
df71de0e92459aa808364311135bb8fc	0	0	0	0	0	0	0	0	0	20	0	0	0	0	0	0
35370c2ebd38ff85c4067417a90776fa	0	0	0	0	0	0	0	0	0	61	0	0	0	0	0	0
8df2b2e6c1cb64bd18b81d5bae7f0898	0	0	0	0	0	0	0	0	0	24	0	0	0	0	28	0
315ca0a729f126b941ba111a16d4d97a	0	0	0	0	0	0	0	0	0	3	0	0	0	13	5	0
d76d59ec71de0e3b22da0c9cd564d41a	0	0	0	0	0	0	0	0	0	12	0	0	0	0	0	0
d0a0c9c5ced0aea39ea555275bcc6579	0	0	0	0	0	0	0	0	0	43	0	0	0	0	0	949
68b9791100d26f63f5d32de9aa0a466b	0	0	0	0	0	0	0	0	0	42	0	0	0	601	0	415
5f36939179fec05225bab2511aee40fa	0	0	0	0	0	0	0	0	0	15	0	129	2	0	0	1378
aa1087482a5bd53ec4580a739d282d60	0	0	0	0	0	0	0	0	0	33	0	143	0	249	0	1945
23027d9bc34d8bac8d29ccf3351320c2	0	0	0	0	0	0	0	0	0	24	0	0	0	0	0	0
3481fa43fe5fba6aecdc7f9aae6ed9c0	0	0	0	0	0	0	0	0	0	34	0	184	370	714	0	0
60bcfa1c0424d47f9f8fb79b20af12a9	0	0	0	0	0	0	0	0	0	30	0	0	0	0	0	0
e969bac353ba0bcb04b770e5ae9844d3	0	0	0	0	0	0	0	0	0	11	0	0	0	0	0	0
0f18144d308ada95632ab5193d92073f	0	0	0	0	0	0	0	0	0	33	0	0	139	0	0	0
a1d83433e07f97fd446f7ff512e44fc6	0	0	0	0	0	0	0	0	0	78	30	0	287	1223	114	0
8495ba6ecec8d12dae432a82cc654769	0	0	0	0	0	0	0	0	0	18	0	0	0	318	0	0
b8004c83b9a6a3128a02f8ca795c61c2	0	0	0	0	0	0	0	0	0	10	0	0	0	0	0	0
8011f6dc785a8d37981982eb9305344b	0	0	0	0	0	0	0	0	0	53	0	0	0	0	0	0
4608fae4bbc9964cdd17af8782f2155e	0	0	0	0	0	0	0	0	0	107	0	0	0	1368	0	2295
9af3467db68cf6063627304cecd46a65	0	0	0	0	0	0	0	0	0	16	0	0	0	497	61	0
fcdee861c3a5b2efd76eb7d3ab1d606c	0	0	0	0	0	0	0	0	0	35	0	0	0	0	0	0
7ea4b157e51f38c83a0693ce6ea70f53	0	0	0	0	0	0	0	0	0	17	0	87	0	0	0	0
57d717789b00b69bc62c3f74e57f03a5	0	0	0	0	0	0	0	0	0	19	0	0	0	0	0	0
6cdaebf799a2ecc7c8546d1e01a817a7	0	0	0	0	0	0	0	0	0	13	0	0	0	0	0	0
ca647fe90e501808421954e5fbf9faa6	0	0	0	0	0	0	0	0	0	33	0	0	0	0	0	0
e9b6a17a2f0695a2111337841021a8d8	0	0	0	0	0	0	0	0	0	41	0	0	0	0	0	0
a77c9623a7575b7cdc1a36eea051be89	0	0	0	0	0	0	0	0	0	36	0	0	0	0	0	0
909bef4d11e259852281e663cab284cd	0	0	0	0	0	0	0	0	0	16	0	0	0	0	0	0
4cd9f9afc20f0cdbfd847fc35a4f7b67	0	0	0	0	0	0	0	0	0	6	0	0	0	0	0	7
3446806a98f19484cf15ec25224da83d	0	0	0	0	0	0	0	0	0	13	0	0	0	0	0	0
fde6d934591705147cdfa9a1ac880973	0	0	0	0	0	0	0	0	0	36	0	0	0	0	0	0
3f456a18968cea5c5e549e281f0f5808	0	0	0	0	0	0	0	0	0	27	0	0	0	0	0	0
14fc565ddab9a3669737f819389be32f	0	0	0	0	0	0	0	0	0	51	0	0	0	0	40	858
d3c2b1c15d26e5fdcab77b372a987628	0	0	0	0	0	0	0	0	0	15	0	48	0	452	0	0
3dbf66ee7707a9c91038139380697b07	0	0	0	0	0	0	0	0	0	22	0	0	0	318	0	0
eb20b62228bf9a881e2d7419e00bce77	0	0	0	0	0	0	0	0	0	21	0	54	0	0	0	0
367fd0532f406448a26bcca3b54e8e2b	0	0	0	0	0	0	0	0	0	32	0	0	0	0	0	0
40c152841680cf41b710398eeb40f2d4	0	0	0	0	0	0	0	0	0	26	0	0	0	0	0	0
be3636a0c7dc5b20006944757968017d	0	0	0	0	0	0	0	0	0	12	0	0	0	0	0	0
9a9e643e813afb1acd358cbac54e47c0	0	0	0	0	0	0	0	0	0	23	0	0	0	0	0	0
13dd49f4349ac45a1276f2cee267a450	0	0	0	0	0	0	0	0	0	176	0	0	0	0	0	0
14291825e1072d88a7fcf1595e6f374a	0	0	0	0	0	0	0	0	0	18	0	0	0	0	0	0
0cc951954a255c148a5be384e2d5fe9c	0	0	0	0	0	0	0	0	0	0	15	0	0	0	0	0
c72c1569d4fbd4b4bf5d2118cd30a4ab	0	0	0	0	0	0	0	0	0	0	18	0	0	0	95	2186
f15b29f8cd5dc2b290818ad676b17429	0	0	0	0	0	0	0	0	0	0	32	0	0	0	0	0
41e6c0b55654af1d5cd503359fb77d18	0	0	0	0	0	0	0	0	0	0	43	0	0	0	0	0
4a295fd967fdb65bfbe818ff9827691d	0	0	0	0	0	0	0	0	0	0	25	0	0	0	0	0
74434a80a8860e4c644bf9e8a68e2288	0	0	0	0	0	0	0	0	0	0	76	0	0	0	0	0
ffa99ab5e960df69a8449e2c199691f2	0	0	0	0	0	0	0	0	0	0	12	0	0	0	30	0
2445997f989f7826d21b5f985886ecec	0	0	0	0	0	0	0	0	0	0	17	0	0	0	0	0
d66dbcc0ed0fcba081cebcde14d7939d	0	0	0	0	0	0	0	0	0	0	15	0	0	0	0	0
4eed187ea09775b1d0cdfd9899f036e5	0	0	0	0	0	0	0	0	0	0	30	0	0	0	0	0
38beb9295889cd97ccde32e38be9b052	0	0	0	0	0	0	0	0	0	0	14	0	0	0	0	0
325c5148d779e56a5ed4f40d5b34aafc	0	0	0	0	0	0	0	0	0	0	31	0	0	0	0	0
82819e0b6b0a7ba359661678cb034a42	0	0	0	0	0	0	0	0	0	0	17	0	0	0	0	0
b26efcda6b1b4e4c57536b48f6e162fa	0	0	0	0	0	0	0	0	0	0	28	0	0	0	0	1224
401a6da9e89db0c1d52d35aff3875e50	0	0	0	0	0	0	0	0	0	0	11	0	0	0	0	0
a1f95d51bbfaa22367fbf4c9e1e3bb8e	0	0	0	0	0	0	0	0	0	0	50	0	0	0	0	0
861c43480c852e1733dce289b09a66e5	0	0	0	0	0	0	0	0	0	0	21	0	0	1351	0	0
3805ed04cf3d1418189a1a75a178e0fa	0	0	0	0	0	0	0	0	0	0	45	0	0	0	0	0
3eae3f4d654024579939e338ea367811	0	0	0	0	0	0	0	0	0	0	135	0	0	0	0	0
e6c4a7258a21cb1ee250bdb71efc5c98	0	0	0	0	0	0	0	0	0	0	79	0	0	0	0	0
0b9a49b0b8b1c0c6fbb54181b232503d	0	0	0	0	0	0	0	0	0	0	17	0	0	0	0	0
4e61fbf2c4c1d7c05d6825c089d94824	0	0	0	0	0	0	0	0	0	0	54	0	0	0	0	0
1f0532e025d966a685fd0d1f3144bc8a	0	0	0	0	0	0	0	0	0	0	34	0	0	0	0	0
08bdc6c81f6b9daab3d132b54e1d45bc	0	0	0	0	0	0	0	0	0	0	43	0	0	986	132	0
d5d38d6c373422c52c05cfdc5da295ab	0	0	0	0	0	0	0	0	0	0	41	0	0	0	0	0
0a165844daf38d8ce2008c94a5b4565e	0	0	0	0	0	0	0	0	0	0	28	0	0	0	113	0
a443e786f67086749ef29ce0ab494c9e	0	0	0	0	0	0	0	0	0	0	42	0	0	0	0	0
fb8e1d76b86622c9237f15b29b9a7c50	0	0	0	0	0	0	0	0	0	0	66	0	0	0	0	0
9c927ce4d8aa983e0740f4cd97f6b4b4	0	0	0	0	0	0	0	0	0	0	29	0	0	0	0	0
58a0209ffc2b1e09c2a11eac7776d099	0	0	0	0	0	0	0	0	0	0	18	0	0	0	0	0
c51af03affbfdbb917be79beb8902609	0	0	0	0	0	0	0	0	0	0	41	0	0	0	0	0
ce9bffc0ae19881a124004f17d08c722	0	0	0	0	0	0	0	0	0	0	14	0	0	0	0	0
0a3cf58d4ca062c13d42c9db4ebcbc53	0	0	0	0	0	0	0	0	0	0	19	0	0	1785	0	0
deb622b86be1dc0b76900a55f72524f9	0	0	0	0	0	0	0	0	0	0	27	0	0	0	0	0
cc02a1d4bfb6c5216b1b9ae5f2bd9b45	0	0	0	0	0	0	0	0	0	0	4	0	4	4	0	9
29daaf94c6c9c41e5044aa321d18a306	0	0	0	0	0	0	0	0	0	0	24	0	0	0	0	0
eb2efd92d1bbe18b0c3757927ac28634	0	0	0	0	0	0	0	0	0	0	15	0	0	0	0	0
adb04672391fbf68b0fecb2744918e59	0	0	0	0	0	0	0	0	0	0	26	0	0	0	0	0
76a2a89fb35336e7b117fc44ff915092	0	0	0	0	0	0	0	0	0	0	47	0	0	0	0	0
5844d6efc979a9c2333df6c4036f52b8	0	0	0	0	0	0	0	0	0	0	27	0	0	0	0	0
8cef696757252cce6a64f03b941e65d5	0	0	0	0	0	0	0	0	0	0	20	0	0	0	0	0
93e9d4c2948eecd0349bd630572ae4c1	0	0	0	0	0	0	0	0	0	0	32	0	0	0	0	0
574bea8550f0f3a1bbefe58f6f69dc3a	0	0	0	0	0	0	0	0	0	0	35	0	0	0	0	0
c22b16cc6108c04f29fea3b6d4c81571	0	0	0	0	0	0	0	0	0	0	40	0	253	0	0	0
12322f15c5dcca422f121c2e90eb3566	0	0	0	0	0	0	0	0	0	0	0	69	0	0	0	0
1d532ab070db273f5b17b3ccb780ccdd	0	0	0	0	0	0	0	0	0	0	0	71	0	0	0	0
47b64344da66807ab7fc940d6121d144	0	0	0	0	0	0	0	0	0	0	0	23	0	0	0	0
82898097131cfe8495c02958a0ecf808	0	0	0	0	0	0	0	0	0	0	0	101	0	0	0	0
8832f1d98ef6ba623b07951e0f1ddc43	0	0	0	0	0	0	0	0	0	0	0	88	0	0	0	0
c735f41aca157764823d8d4a05ea96c2	0	0	0	0	0	0	0	0	0	0	0	58	0	0	22	0
6e47c0c5aeb6def7e08e55a49ac5efd5	0	0	0	0	0	0	0	0	0	0	0	48	0	0	0	0
f9717152cf79abfbb5a9abf6379f86d6	0	0	0	0	0	0	0	0	0	0	0	150	0	0	0	0
caeda2e23f5490be949f16f57d390a67	0	0	0	0	0	0	0	0	0	0	0	60	0	0	0	0
565b59725452b37f481c73bbb7e4ff26	0	0	0	0	0	0	0	0	0	0	0	237	0	0	0	0
10afda2baef44de4c584a6641de399b1	0	0	0	0	0	0	0	0	0	0	0	144	388	0	0	0
5ee181e7af48fbffd85476b1eefd0472	0	0	0	0	0	0	0	0	0	0	0	113	0	0	0	0
a738916ea49b2f944d889e576ade2aff	0	0	0	0	0	0	0	0	0	0	0	117	0	0	0	0
683219f6dd42d6de9c9341e9491989fb	0	0	0	0	0	0	0	0	0	0	0	137	0	0	0	0
8ed7b2ce49da84560921c26939eda31b	0	0	0	0	0	0	0	0	0	0	0	46	0	0	0	0
34244f46ca2dbc7e4f45efefd6ee8dce	0	0	0	0	0	0	0	0	0	0	0	74	0	0	0	0
3bac14d2805bf995afe9d316a5777b1e	0	0	0	0	0	0	0	0	0	0	0	51	0	0	0	0
100a7a945af1fa847576aea65bbe3f01	0	0	0	0	0	0	0	0	0	0	0	81	0	0	0	0
b146d1480919d24a076608febbf75339	0	0	0	0	0	0	0	0	0	0	0	37	0	0	0	0
9b1a1b6358f368a87e2bb0d62fbbe1cc	0	0	0	0	0	0	0	0	0	0	0	140	0	0	0	0
6376ea6dab7d0fde3cd66f53b57e1484	0	0	0	0	0	0	0	0	0	0	0	144	122	1199	42	0
1c798f255655a89c8dcd0fe526f855ea	0	0	0	0	0	0	0	0	0	0	0	10	0	0	0	0
580e5d647aef1f2b1ccc0fba3c4a526e	0	0	0	0	0	0	0	0	0	0	0	130	0	0	0	0
017e3b7a5784745ab1f5e9fbe4469b2e	0	0	0	0	0	0	0	0	0	0	0	56	0	0	0	0
54ef7398d56cff3f50bd8f891af574f4	0	0	0	0	0	0	0	0	0	0	0	45	0	0	0	0
e8f12a2a366111b578f498935aeda8e1	0	0	0	0	0	0	0	0	0	0	0	17	0	0	0	0
ae2126818e02019a8082ee0c8683cb96	0	0	0	0	0	0	0	0	0	0	0	121	0	121	0	0
30720398916516f18fcbffdba2e28959	0	0	0	0	0	0	0	0	0	0	0	53	0	0	0	0
1d3c99cabc99926cf6dc4cbb5a615407	0	0	0	0	0	0	0	0	0	0	0	169	290	1028	0	0
5e063b0dd405dd13a0d7dac6edd9f7c2	0	0	0	0	0	0	0	0	0	0	0	76	0	0	0	0
c2443aed4026d0d36a8db70dfe68b860	0	0	0	0	0	0	0	0	0	0	0	82	0	0	0	0
e44b879ec5a196c3569272565da2303e	0	0	0	0	0	0	0	0	0	0	0	109	0	0	0	0
0c579d21280801f02a641e1608606927	0	0	0	0	0	0	0	0	0	0	0	219	0	467	0	4884
18cfa9463d5701e3241d4d3978d0d28e	0	0	0	0	0	0	0	0	0	0	0	14	0	0	0	0
c7826f9e0cd6d8efc2c0f5833d4dd737	0	0	0	0	0	0	0	0	0	0	0	30	0	0	0	0
f8a5e31abd123fe502965a7d6884cfd7	0	0	0	0	0	0	0	0	0	0	0	102	0	0	0	0
dd240dc95518ae32a95c2cdbdf225771	0	0	0	0	0	0	0	0	0	0	0	70	0	0	63	0
bf965766c9cf5efb5559f5f79c8ded80	0	0	0	0	0	0	0	0	0	0	0	40	0	0	0	0
e8295f91b59c50922bb7a80eef4d000d	0	0	0	0	0	0	0	0	0	0	0	108	0	0	0	0
b4289ab0a9a00034c1fbce477b2c4ded	0	0	0	0	0	0	0	0	0	0	0	16	33	579	0	664
a29f9f087ebbd0a7d4de521c8795adb4	0	0	0	0	0	0	0	0	0	0	0	72	0	0	0	0
493dc47e07b6537c982943dd5af645ca	0	0	0	0	0	0	0	0	0	0	0	162	0	0	0	0
5fd6a54d25c1e5bf11f45def1dfad247	0	0	0	0	0	0	0	0	0	0	0	100	0	0	0	0
d100d3493c7c8256ea7fb18f7b04f62f	0	0	0	0	0	0	0	0	0	0	0	29	0	0	0	0
04ee5d638b99e62a1b87dd533bcb00a1	0	0	0	0	0	0	0	0	0	0	0	0	96	0	0	0
854a3d69e7a7913049a85b0dd08ba2ca	0	0	0	0	0	0	0	0	0	0	0	0	142	0	0	0
dd3a124e0f04306cf546df311a52b727	0	0	0	0	0	0	0	0	0	0	0	0	132	0	0	0
5be91d78ab696679ced932f4a1e106f8	0	0	0	0	0	0	0	0	0	0	0	0	302	0	0	0
ecc423b8fefd03a92aa1a97fc74a654c	0	0	0	0	0	0	0	0	0	0	0	0	397	0	68	0
ad745d7e7ce6ea2dc4c6bebe74743fcf	0	0	0	0	0	0	0	0	0	0	0	0	214	0	0	0
78ff27124ced45dd3aa9f042a462729b	0	0	0	0	0	0	0	0	0	0	0	0	88	0	0	0
ba03db199b43daba5e1a77cfce5b42e4	0	0	0	0	0	0	0	0	0	0	0	0	307	0	0	0
7240b3e04a667d0cc23eb506b9f7cdbd	0	0	0	0	0	0	0	0	0	0	0	0	116	0	0	0
ac6431e877f04894100f7b61b9eacd32	0	0	0	0	0	0	0	0	0	0	0	0	564	0	0	0
900459d7792d6eda2a65aa3b2063fad6	0	0	0	0	0	0	0	0	0	0	0	0	156	0	0	0
649f2efd13df2dff8125deb6f1a44f58	0	0	0	0	0	0	0	0	0	0	0	0	372	0	0	0
4c85207dd65cec2b4b0ed3827b49255f	0	0	0	0	0	0	0	0	0	0	0	0	157	0	0	0
608b7002a0e74a3cd2a9631dc638b285	0	0	0	0	0	0	0	0	0	0	0	0	165	0	0	0
a21a20323a745aec3b15e9e37d3a4c5a	0	0	0	0	0	0	0	0	0	0	0	0	15	0	0	0
380e5253a80125676e462c7d54ec19ce	0	0	0	0	0	0	0	0	0	0	0	0	14	0	0	0
6447e4baea26738e5622948b7597bd31	0	0	0	0	0	0	0	0	0	0	0	0	320	0	0	0
bc98e2330bfc147524b49d3c76465abd	0	0	0	0	0	0	0	0	0	0	0	0	92	0	0	0
3102d26e7103fdc76a59af9f490b82ef	0	0	0	0	0	0	0	0	0	0	0	0	146	0	0	0
23b131117d35e1b1f25c2e2e78595321	0	0	0	0	0	0	0	0	0	0	0	0	45	0	0	0
1042977f34998a43b8211708a99e1715	0	0	0	0	0	0	0	0	0	0	0	0	300	0	0	0
d3392c2445c22071ff5dc4483411a738	0	0	0	0	0	0	0	0	0	0	0	0	209	0	0	0
61743c0f27f5c9ca9621631c19fe4370	0	0	0	0	0	0	0	0	0	0	0	0	133	0	0	0
b1223a374056c59531e36b82f9200e51	0	0	0	0	0	0	0	0	0	0	0	0	441	0	0	0
10feb8c6ae2242bd0f1dd6a7c0009b10	0	0	0	0	0	0	0	0	0	0	0	0	115	0	0	0
9401efe29463530267eeb3dcfbd59518	0	0	0	0	0	0	0	0	0	0	0	0	313	0	0	0
3741e15486872d08ee4386b3843bcca8	0	0	0	0	0	0	0	0	0	0	0	0	99	0	0	0
f5698abbe4a698f9394cc8cf921bf5d4	0	0	0	0	0	0	0	0	0	0	0	0	371	0	0	0
21d0dd6650c160f5bdb4adab11c0032d	0	0	0	0	0	0	0	0	0	0	0	0	14	0	0	0
4119336bf4b3eb7f0bf234009f5772bf	0	0	0	0	0	0	0	0	0	0	0	0	174	0	0	0
8aec37fd31f8e1c416f4524fc8538b1e	0	0	0	0	0	0	0	0	0	0	0	0	175	0	0	0
6e6bd163f15f708d30c92c5da818c0b1	0	0	0	0	0	0	0	0	0	0	0	0	81	0	0	0
07efcedd9cbee00e6a54bfe59e43f36c	0	0	0	0	0	0	0	0	0	0	0	0	175	0	0	0
813434cebae171e302567765c864c7ff	0	0	0	0	0	0	0	0	0	0	0	0	22	0	0	0
a7706b6561b5b4839be9d62c210e3433	0	0	0	0	0	0	0	0	0	0	0	0	68	0	0	0
864267f12bedace19272af56224498c7	0	0	0	0	0	0	0	0	0	0	0	0	206	0	0	1723
97991ce469a1cc109b514c89920eaa50	0	0	0	0	0	0	0	0	0	0	0	0	329	0	0	0
c88684d66e4eecd8e186d514bb7399b1	0	0	0	0	0	0	0	0	0	0	0	0	252	0	0	0
97de1a7f4cb7a28f5bdd5fcb9cd70a9a	0	0	0	0	0	0	0	0	0	0	0	0	37	0	0	0
64fc1d7559f3d6390db737552798868a	0	0	0	0	0	0	0	0	0	0	0	0	95	0	0	0
6019815fd95d1dfeb1cd28ad170b4ccb	0	0	0	0	0	0	0	0	0	0	0	0	95	0	0	0
700d80dce0f07ed4d09017f154eb868a	0	0	0	0	0	0	0	0	0	0	0	0	115	0	0	0
a458cfd529e49b79dae0eb61b96635a3	0	0	0	0	0	0	0	0	0	0	0	0	225	0	0	0
2dd9e191a81b91117b77df5eac7e6048	0	0	0	0	0	0	0	0	0	0	0	0	143	0	0	748
3f1ab4058b00e2a309322ba3cf5e5da1	0	0	0	0	0	0	0	0	0	0	0	0	196	0	0	0
7ef187b1212e8aba838cd47731620545	0	0	0	0	0	0	0	0	0	0	0	0	204	0	0	0
4a97f30401e751b4ab95285d52081371	0	0	0	0	0	0	0	0	0	0	0	0	106	0	0	0
5b2e83305ef48f1e6c04bd38c01cd24a	0	0	0	0	0	0	0	0	0	0	0	0	20	0	0	0
24e0fedae696846854e97eb4426b5a3c	0	0	0	0	0	0	0	0	0	0	0	0	71	0	0	0
6a7a6fed3a850c6bab631c438c0556c4	0	0	0	0	0	0	0	0	0	0	0	0	102	0	0	0
7ead17a076e7b7b419bf50abe7eee3f4	0	0	0	0	0	0	0	0	0	0	0	0	559	4772	0	0
f762648e6e16e9eb6ba9267d009d1d58	0	0	0	0	0	0	0	0	0	0	0	0	100	0	0	0
4c1430e2fa9a66d2484a7208301b4c30	0	0	0	0	0	0	0	0	0	0	0	0	35	0	0	0
1b98b00b0fc819488d76aa0c09d57bcc	0	0	0	0	0	0	0	0	0	0	0	0	35	0	0	0
531e11e92c6f815de8be29458f1ddac4	0	0	0	0	0	0	0	0	0	0	0	0	412	0	0	0
fd2eb1fe2266eed160a855f715f7c77e	0	0	0	0	0	0	0	0	0	0	0	0	0	972	0	0
c5c7e9dd8753505a4b5ef7e2764c3558	0	0	0	0	0	0	0	0	0	0	0	0	0	355	0	0
1368aca6d12ec4a9bbf16a2ff67104e1	0	0	0	0	0	0	0	0	0	0	0	0	0	147	0	0
e85f6f0fa414485522a02fc14c463ea8	0	0	0	0	0	0	0	0	0	0	0	0	0	40	0	0
7f85ac088481e3811666998c6ba22231	0	0	0	0	0	0	0	0	0	0	0	0	0	3464	0	0
09f9294499192d4eecf29e85501cc425	0	0	0	0	0	0	0	0	0	0	0	0	0	163	0	0
785d67b0c0232c96a21b7bf1c46f0a79	0	0	0	0	0	0	0	0	0	0	0	0	0	3891	0	0
4490a1dff5ed7f1a014487420c58ef58	0	0	0	0	0	0	0	0	0	0	0	0	0	907	0	0
d3fb41060ec764ffd9b30106db0e6b01	0	0	0	0	0	0	0	0	0	0	0	0	0	517	0	0
c8e5a46b95c0528d1e369a6e11134343	0	0	0	0	0	0	0	0	0	0	0	0	0	679	0	0
6aeecab281fb94fb832a57e7566cfb36	0	0	0	0	0	0	0	0	0	0	0	0	0	717	0	0
d7926eba30ca0f01bac6fc5d090e9ab9	0	0	0	0	0	0	0	0	0	0	0	0	0	198	0	0
7e87735c204e7966d544fda276496db7	0	0	0	0	0	0	0	0	0	0	0	0	0	364	0	0
ee68bd141d0efc556ef3599d9d58b13f	0	0	0	0	0	0	0	0	0	0	0	0	0	530	0	0
77a920bd965da12d31f93c1adf2c5ea1	0	0	0	0	0	0	0	0	0	0	0	0	0	41	93	0
6be9159335eaf8fa99434fec1f32d847	0	0	0	0	0	0	0	0	0	0	0	0	0	579	0	0
901ae8df61afca3ec7e59760ea04da2c	0	0	0	0	0	0	0	0	0	0	0	0	0	257	0	0
57b177f985c1cf941f4f1bf047b4799a	0	0	0	0	0	0	0	0	0	0	0	0	0	60	0	0
cd6581653b3bdcfc8ee30ee8da3321dc	0	0	0	0	0	0	0	0	0	0	0	0	0	298	0	0
dcb780205dff9735d08f1a23c93470cf	0	0	0	0	0	0	0	0	0	0	0	0	0	1061	0	0
942ec60e75a4f9183b9b69cbf8960379	0	0	0	0	0	0	0	0	0	0	0	0	0	675	0	0
9d30df1c09b60bb791f16b9f769c6335	0	0	0	0	0	0	0	0	0	0	0	0	0	648	0	0
fa7d3144650423975841641039403946	0	0	0	0	0	0	0	0	0	0	0	0	0	1211	0	0
fc504f21e7e25f5da61e91d818fd28cf	0	0	0	0	0	0	0	0	0	0	0	0	0	168	0	0
9ec8c45ceef6ba51add7b3d075ed401c	0	0	0	0	0	0	0	0	0	0	0	0	0	759	0	0
5d8be7cf6ab898963dde1980f3072a42	0	0	0	0	0	0	0	0	0	0	0	0	0	939	29	2497
b909a92ff7714e3dcc0db59c280a7ac9	0	0	0	0	0	0	0	0	0	0	0	0	0	253	0	0
b2da3c75d086876542d1915c01e2b7ba	0	0	0	0	0	0	0	0	0	0	0	0	0	28	0	0
fa4b0f746ea8c6f4455d86faf9c6324f	0	0	0	0	0	0	0	0	0	0	0	0	0	511	0	0
43a16064da458655fddffdf414e48f91	0	0	0	0	0	0	0	0	0	0	0	0	0	512	0	0
b38813441419caca14dcc142c951ecfe	0	0	0	0	0	0	0	0	0	0	0	0	0	600	0	0
d809b2fafe56694571e4b8d23664f548	0	0	0	0	0	0	0	0	0	0	0	0	0	423	0	0
cb9b3ad81731c15bba9302672436c57c	0	0	0	0	0	0	0	0	0	0	0	0	0	358	0	1663
fc93d064a091c7643fb24b63241d43e2	0	0	0	0	0	0	0	0	0	0	0	0	0	154	0	0
d3b52387360ceed8f554547f02b16f85	0	0	0	0	0	0	0	0	0	0	0	0	0	836	0	0
6d0b7a1c011d0ba876c0ed70158a0670	0	0	0	0	0	0	0	0	0	0	0	0	0	838	0	0
77f16e29eb84b5f07c2a5d8eb8bb5e1e	0	0	0	0	0	0	0	0	0	0	0	0	0	635	0	0
fcee7c6015f788b9f570c95d44fb5415	0	0	0	0	0	0	0	0	0	0	0	0	0	83	0	0
abf8a9c73f4019d3df6ce753ea8260f0	0	0	0	0	0	0	0	0	0	0	0	0	0	331	0	0
75a3e20e916ee5ec7dceae34a1bc0209	0	0	0	0	0	0	0	0	0	0	0	0	0	2267	0	0
1b33e5fa3fadeaad0c4d4d3f652fc5b6	0	0	0	0	0	0	0	0	0	0	0	0	0	944	0	0
e38641753529adc3357706e4b4518c3f	0	0	0	0	0	0	0	0	0	0	0	0	0	22	0	0
d075f020b69ed0455e78860c91e8e3d5	0	0	0	0	0	0	0	0	0	0	0	0	0	619	0	0
5f739b525275d4c54d06fe3d725c9a27	0	0	0	0	0	0	0	0	0	0	0	0	0	1419	0	0
ddb33160e89c4af9a402989f1638c284	0	0	0	0	0	0	0	0	0	0	0	0	0	1108	0	0
b4d3e7c2b2516d27eee1fdfecb347778	0	0	0	0	0	0	0	0	0	0	0	0	0	1293	0	0
11f0558dca37009cbf1a6083b0b658e5	0	0	0	0	0	0	0	0	0	0	0	0	0	601	0	0
f909b6938ad2dff7f0b5aba5076e5f2b	0	0	0	0	0	0	0	0	0	0	0	0	0	1122	0	1341
0548b11b6de90319756016a02baab332	0	0	0	0	0	0	0	0	0	0	0	0	0	2200	0	0
83e948f389f9d97b0c975afc880989e8	0	0	0	0	0	0	0	0	0	0	0	0	0	69	0	0
df37b62e507e32409df4885c1ad2ce14	0	0	0	0	0	0	0	0	0	0	0	0	0	11	0	0
2ff8bafb3d8ff78b5261cf3823671f3d	0	0	0	0	0	0	0	0	0	0	0	0	0	11	0	0
0ed3a6836e138f14044f6950ad7280d2	0	0	0	0	0	0	0	0	0	0	0	0	0	5345	0	0
4de707ad629055126161397caa3ddc07	0	0	0	0	0	0	0	0	0	0	0	0	0	249	0	0
e31678836ca29c0ebde1bd1003bcdca6	0	0	0	0	0	0	0	0	0	0	0	0	0	2184	0	0
d016ac5c4d74e1dde3ada95dc200ecf0	0	0	0	0	0	0	0	0	0	0	0	0	0	15	0	0
b8dfd569b92540e741b002a3f3fec6e4	0	0	0	0	0	0	0	0	0	0	0	0	0	631	0	0
5a9d44b0163252c58c804687d1e532d8	0	0	0	0	0	0	0	0	0	0	0	0	0	1117	0	0
3fe98fde3a891d7d986d62b2beae4628	0	0	0	0	0	0	0	0	0	0	0	0	0	2109	0	0
3e039a3a7803508defc0642f6222fc4a	0	0	0	0	0	0	0	0	0	0	0	0	0	247	0	0
a3d477edc1fd39fdb871c5d301f727d6	0	0	0	0	0	0	0	0	0	0	0	0	0	274	0	0
e341d76ffa2250ed506c5fb284abdca6	0	0	0	0	0	0	0	0	0	0	0	0	0	981	0	0
73d826dabdbddbea0bd4551bb3d87046	0	0	0	0	0	0	0	0	0	0	0	0	0	356	0	0
55cd773a68624a711191b1b665d6535e	0	0	0	0	0	0	0	0	0	0	0	0	0	131	129	0
13901de5dfa6aa3a4031590d5c6856e5	0	0	0	0	0	0	0	0	0	0	0	0	0	155	0	0
9c540f40733ac3c10e5da3b03f62ee65	0	0	0	0	0	0	0	0	0	0	0	0	0	283	0	0
a821a7df65c8eeac6d27fdae47c1c46c	0	0	0	0	0	0	0	0	0	0	0	0	0	794	0	0
d544598bb85d78a7752148dc0ed57101	0	0	0	0	0	0	0	0	0	0	0	0	0	646	0	0
70dbac76545ca7f0d29e40f47caf5706	0	0	0	0	0	0	0	0	0	0	0	0	0	984	0	0
4c37be0164dc6d0f0c77fc1ddd4bdeac	0	0	0	0	0	0	0	0	0	0	0	0	0	445	0	0
68511eb293ec8064f2abbb46013ab76d	0	0	0	0	0	0	0	0	0	0	0	0	0	10	0	0
434ef8512b809381caafd86f69d542c4	0	0	0	0	0	0	0	0	0	0	0	0	0	27	0	0
fcd96070e1a2a83b919d5b66c44f2192	0	0	0	0	0	0	0	0	0	0	0	0	0	261	0	0
fd496fd32dc8c08ade2e8b6c9d8ee13d	0	0	0	0	0	0	0	0	0	0	0	0	0	690	106	0
9f7cff362a643da8008e424899bc5d0b	0	0	0	0	0	0	0	0	0	0	0	0	0	97	0	0
bd2ad00d586fbb853586dae6812f7b24	0	0	0	0	0	0	0	0	0	0	0	0	0	15	0	0
5737e058385a6a34a3bcfdec9f73df47	0	0	0	0	0	0	0	0	0	0	0	0	0	315	0	0
8f737567a197057c3451c9372329bb72	0	0	0	0	0	0	0	0	0	0	0	0	0	456	0	0
f43836fb3dbc1fe9a3f95af640d01a85	0	0	0	0	0	0	0	0	0	0	0	0	0	371	0	0
155a3f751f5d741a95096008fc2d6252	0	0	0	0	0	0	0	0	0	0	0	0	0	59	0	0
25978c41f2e56862605ff4983e858a67	0	0	0	0	0	0	0	0	0	0	0	0	0	277	0	0
f2dc706b397f4878d063404ba8e28293	0	0	0	0	0	0	0	0	0	0	0	0	0	213	0	0
9094f95078c5547b97545e94cedd04c4	0	0	0	0	0	0	0	0	0	0	0	0	0	316	0	0
326bcf76066976b6e2c37d4f9e6f8ce2	0	0	0	0	0	0	0	0	0	0	0	0	0	1081	0	0
9228869f2cdde47fa23deb1af67a69cb	0	0	0	0	0	0	0	0	0	0	0	0	0	440	0	0
09ba0dcc9d08747a09b3a4ec08c8d529	0	0	0	0	0	0	0	0	0	0	0	0	0	1683	0	0
a1b30746c6c70d7ad52d5c7733b24c69	0	0	0	0	0	0	0	0	0	0	0	0	0	473	0	0
b300fd77b118b0830d9624152274a971	0	0	0	0	0	0	0	0	0	0	0	0	0	531	0	0
a9a6ac653f919ce998037ca5aeb6986c	0	0	0	0	0	0	0	0	0	0	0	0	0	17	0	0
1a4149271dd161efcb232040a7557166	0	0	0	0	0	0	0	0	0	0	0	0	0	1903	0	0
9664cae1104ed11cba60a2552c35cae7	0	0	0	0	0	0	0	0	0	0	0	0	0	321	32	0
e78ecb138a8bee2a728274b849db12c1	0	0	0	0	0	0	0	0	0	0	0	0	0	194	0	0
1642feeefa89b9e52fd8bf32e500c9b0	0	0	0	0	0	0	0	0	0	0	0	0	0	443	0	0
c4f886319b29e1acc4c2b7b07b0ead42	0	0	0	0	0	0	0	0	0	0	0	0	0	241	0	0
1c86cdf50ada0b91674af617704289bd	0	0	0	0	0	0	0	0	0	0	0	0	0	11	0	0
818434292143daca42a3168f3728da82	0	0	0	0	0	0	0	0	0	0	0	0	0	1818	0	0
f1860fe716257bd5fd5c4c6a16cf3b95	0	0	0	0	0	0	0	0	0	0	0	0	0	597	0	0
c37963c412fa22be08cd903c32655507	0	0	0	0	0	0	0	0	0	0	0	0	0	1168	0	0
1735122f6452284cae1574c71c9a6eec	0	0	0	0	0	0	0	0	0	0	0	0	0	817	0	0
922d33a2963d3e87a3d4df6b82371235	0	0	0	0	0	0	0	0	0	0	0	0	0	1140	0	0
cdf14d2fed157f8032715a22d3bf4573	0	0	0	0	0	0	0	0	0	0	0	0	0	398	0	0
b1f85d9d7f7cc539c1e825688d11c3a1	0	0	0	0	0	0	0	0	0	0	0	0	0	376	0	0
d3e62e2ba3ac9a85a44f236500a04d27	0	0	0	0	0	0	0	0	0	0	0	0	0	389	0	0
3d5baff45729bf2214074c2e9f77ad10	0	0	0	0	0	0	0	0	0	0	0	0	0	574	0	0
f55fdb2de3b93a91124eb6917be3b4d7	0	0	0	0	0	0	0	0	0	0	0	0	0	310	0	0
1596b71be07c5de4b0974036d50fd545	0	0	0	0	0	0	0	0	0	0	0	0	0	292	0	0
74485861524db36680ba61e5dd16d297	0	0	0	0	0	0	0	0	0	0	0	0	0	514	0	0
66425b82fe9618ff672a77416098281a	0	0	0	0	0	0	0	0	0	0	0	0	0	22	0	0
2f3da68606254b35e1d68615524c6815	0	0	0	0	0	0	0	0	0	0	0	0	0	1105	0	0
a4d72c8c50cac92a2d00df85d56e451b	0	0	0	0	0	0	0	0	0	0	0	0	0	302	0	0
939b87f430ac06c22ba09d56c933c9c8	0	0	0	0	0	0	0	0	0	0	0	0	0	95	0	0
9fd4b8ebd94c21bff75258b043241630	0	0	0	0	0	0	0	0	0	0	0	0	0	100	0	0
b8ef84c56b07b2868d12614f0ba0bebe	0	0	0	0	0	0	0	0	0	0	0	0	0	416	0	0
bb4f67d8f8d98644c4d39d82d0a7890b	0	0	0	0	0	0	0	0	0	0	0	0	0	214	0	0
c1aff6e411940a2aa4c27aa18a3143cc	0	0	0	0	0	0	0	0	0	0	0	0	0	1036	0	0
fccd274e718e26b32c71f188d97d9e59	0	0	0	0	0	0	0	0	0	0	0	0	0	834	0	0
1b51357852b0b814b4d9918c6f0ab762	0	0	0	0	0	0	0	0	0	0	0	0	0	2114	0	0
759146481d9d3f606ff86ec80d70b8fb	0	0	0	0	0	0	0	0	0	0	0	0	0	1626	0	0
6f822cdec4de1f76dd5eecff061d7889	0	0	0	0	0	0	0	0	0	0	0	0	0	260	38	0
ad0744335ba82191a8a602aa45547e20	0	0	0	0	0	0	0	0	0	0	0	0	0	271	0	0
d66072bb4e903a9c1a95728d29427410	0	0	0	0	0	0	0	0	0	0	0	0	0	364	0	0
7ef1c6ed536bfb3d11b0555651b9d54c	0	0	0	0	0	0	0	0	0	0	0	0	0	17	0	0
f992dfdf7e8ebde2cd041f7e4100beff	0	0	0	0	0	0	0	0	0	0	0	0	0	1505	0	0
4c722097e983f484b394cd68200c6018	0	0	0	0	0	0	0	0	0	0	0	0	0	391	0	0
3d7f02d1487f9647971c794055b7541c	0	0	0	0	0	0	0	0	0	0	0	0	0	508	0	0
1189921d0fcab4a4c015a60ef98ea2fb	0	0	0	0	0	0	0	0	0	0	0	0	0	0	68	0
9dfe64806b88cf1618e67976ec05d2b2	0	0	0	0	0	0	0	0	0	0	0	0	0	0	40	0
0e988a799991e737129af946ab30fbf0	0	0	0	0	0	0	0	0	0	0	0	0	0	0	97	0
a9704426bc74d46a4426858ebd551507	0	0	0	0	0	0	0	0	0	0	0	0	0	0	81	0
f2c59b120e0145c67660ba47b524d637	0	0	0	0	0	0	0	0	0	0	0	0	0	0	47	0
827992b22906f7a8b7f7a87580b21cfa	0	0	0	0	0	0	0	0	0	0	0	0	0	0	237	0
a899e513e762a0730e59290d63ec33c8	0	0	0	0	0	0	0	0	0	0	0	0	0	0	22	0
96486df4c576e34ac88e1d576ca992fa	0	0	0	0	0	0	0	0	0	0	0	0	0	0	63	0
52c2616658664469d7fd0df7f2a95547	0	0	0	0	0	0	0	0	0	0	0	0	0	0	86	0
826c793aa5d88c9b322ed8fc7db799e7	0	0	0	0	0	0	0	0	0	0	0	0	0	0	81	0
bd88a22efe1ce6b61f9395b42f8890ab	0	0	0	0	0	0	0	0	0	0	0	0	0	0	60	0
09de3dde6c465b74bcb8e6f8a478e4e0	0	0	0	0	0	0	0	0	0	0	0	0	0	0	64	0
8e5d19a701a972f717cdfbd73b23c23a	0	0	0	0	0	0	0	0	0	0	0	0	0	0	80	0
7d78ed99b08bd1723065fdd795d17e9c	0	0	0	0	0	0	0	0	0	0	0	0	0	0	170	0
dd8229814f2d127e61ac92c5d275db8b	0	0	0	0	0	0	0	0	0	0	0	0	0	0	76	0
05132b1dde6536848b2b69d54c367c2a	0	0	0	0	0	0	0	0	0	0	0	0	0	0	51	0
3f78b3497f803b31f31c70dee07b6f4f	0	0	0	0	0	0	0	0	0	0	0	0	0	0	90	0
4a0b292ba716582f9af46694458c0b9b	0	0	0	0	0	0	0	0	0	0	0	0	0	0	71	0
16d606b10a9217fa0ec19b7defe7c1b6	0	0	0	0	0	0	0	0	0	0	0	0	0	0	84	0
744c9664a0911ce13f16bfb62fd33627	0	0	0	0	0	0	0	0	0	0	0	0	0	0	82	0
7433f49009bcca4a3ca6cfc7db672d08	0	0	0	0	0	0	0	0	0	0	0	0	0	0	83	0
c0db120125c9966aefb470662215bf07	0	0	0	0	0	0	0	0	0	0	0	0	0	0	64	0
3859be96414e5e6524d004f77211c3ce	0	0	0	0	0	0	0	0	0	0	0	0	0	0	50	0
10e307d35291858c8d8c963331db982d	0	0	0	0	0	0	0	0	0	0	0	0	0	0	56	0
e8c4470cea2d0aad86e0fbaa03d2f750	0	0	0	0	0	0	0	0	0	0	0	0	0	0	83	0
9ff9557ee53862093aa7aa68bd91106c	0	0	0	0	0	0	0	0	0	0	0	0	0	0	64	0
88475c7df6235b7d68d8b1128b1d8d73	0	0	0	0	0	0	0	0	0	0	0	0	0	0	42	0
655b67079b984d0568e2c4ea28ed1163	0	0	0	0	0	0	0	0	0	0	0	0	0	0	54	0
e09ebbe08266a6f09012ee1cde64022f	0	0	0	0	0	0	0	0	0	0	0	0	0	0	32	0
723a5aeb9d9787a9e53401e8d317ca69	0	0	0	0	0	0	0	0	0	0	0	0	0	0	11	0
2b7594b2713d81d7ea4002aa4d81a9d2	0	0	0	0	0	0	0	0	0	0	0	0	0	0	177	0
3f93bd6a9664c0ceb4f743fffc2b4902	0	0	0	0	0	0	0	0	0	0	0	0	0	0	41	0
e27b9e73955f9ee43166443c005e4186	0	0	0	0	0	0	0	0	0	0	0	0	0	0	54	0
df8456a1abbfb4c8a2c450b44378d4cb	0	0	0	0	0	0	0	0	0	0	0	0	0	0	113	0
0d87212697c09e987782e2a4af70bf29	0	0	0	0	0	0	0	0	0	0	0	0	0	0	232	0
fe2b71e4ba9705546778295008c6fd7c	0	0	0	0	0	0	0	0	0	0	0	0	0	0	18	0
6eded1a638fdaff211d5100619bd3bbb	0	0	0	0	0	0	0	0	0	0	0	0	0	0	169	0
ea93341e08300bd78c3ea01820b82240	0	0	0	0	0	0	0	0	0	0	0	0	0	0	265	0
602d06552243b66d806f6d98aa45ad2d	0	0	0	0	0	0	0	0	0	0	0	0	0	0	24	0
bdf8a26094624622d68509a87fa75ba7	0	0	0	0	0	0	0	0	0	0	0	0	0	0	123	0
7cf52beaface88ee420ab5eafb8218cf	0	0	0	0	0	0	0	0	0	0	0	0	0	0	86	0
10e39f3e91d660af3bc05c70519f843a	0	0	0	0	0	0	0	0	0	0	0	0	0	0	163	0
04adc707529373ea0fd1ab255ae26eda	0	0	0	0	0	0	0	0	0	0	0	0	0	0	51	0
2a3ffe80a665bcc346a2f0132134f58e	0	0	0	0	0	0	0	0	0	0	0	0	0	0	33	0
3b25a46250e3d86ab99fddf5ea59f358	0	0	0	0	0	0	0	0	0	0	0	0	0	0	89	0
ca2fb5f78a47211a012d0622e8b19d7d	0	0	0	0	0	0	0	0	0	0	0	0	0	0	11	0
eadc33b32954463b8bdf0cb0f7eed414	0	0	0	0	0	0	0	0	0	0	0	0	0	0	38	0
3b4c4388d598e7fb2b1d8029d114e426	0	0	0	0	0	0	0	0	0	0	0	0	0	0	48	0
61bf7efb7d2e4f059587de97d5b2ec46	0	0	0	0	0	0	0	0	0	0	0	0	0	0	13	0
74311c8be90d5f327d408a7088baf348	0	0	0	0	0	0	0	0	0	0	0	0	0	0	54	0
c06e158095155527992cc9f18f01c2d2	0	0	0	0	0	0	0	0	0	0	0	0	0	0	86	0
3e8b54d41dcb96d8a67fb4788c831337	0	0	0	0	0	0	0	0	0	0	0	0	0	0	0	595
b5e6d073ba80b055fa84cb7c17917c16	0	0	0	0	0	0	0	0	0	0	0	0	0	0	0	2761
295b4fc52bbe62488fad64135cf9b995	0	0	0	0	0	0	0	0	0	0	0	0	0	0	0	2420
2a34094828fa6ae977d62d847d808f99	0	0	0	0	0	0	0	0	0	0	0	0	0	0	0	11
98a663b93e1f4bfed375062dc7abce75	0	0	0	0	0	0	0	0	0	0	0	0	0	0	0	1161
971a4202f8208cce1c910a228f4bb3a6	0	0	0	0	0	0	0	0	0	0	0	0	0	0	0	2278
b350039cbdec2a60cffd6ea1f93b00df	0	0	0	0	0	0	0	0	0	0	0	0	0	0	0	1002
4cbeb2025bbdcca62e60ca8fdffd3451	0	0	0	0	0	0	0	0	0	0	0	0	0	0	0	20
42470cc9e17d615ac97243387e11850f	0	0	0	0	0	0	0	0	0	0	0	0	0	0	0	4613
737c098d1007948d40e6cbaf904b72d9	0	0	0	0	0	0	0	0	0	0	0	0	0	0	0	613
46f45b7302d957086dc4cd7035ede702	0	0	0	0	0	0	0	0	0	0	0	0	0	0	0	10
ee5d85c18d64a8c2c7c0ac921c4deb97	0	0	0	0	0	0	0	0	0	0	0	0	0	0	0	10
b3795c432cd5208225f86199d152b320	0	0	0	0	0	0	0	0	0	0	0	0	0	0	0	940
27c77a09f7887924c77d947eee586c0e	0	0	0	0	0	0	0	0	0	0	0	0	0	0	0	13
eabc9259185e62f712715d6e75532581	0	0	0	0	0	0	0	0	0	0	0	0	0	0	0	708
bcba47620c299fd34809f143e3d26dff	0	0	0	0	0	0	0	0	0	0	0	0	0	0	0	2385
453cf07d3e96e304f23fbde7b355fe70	0	0	0	0	0	0	0	0	0	0	0	0	0	0	0	2422
407d7f648f581475d18709b3c2203dce	0	0	0	0	0	0	0	0	0	0	0	0	0	0	0	28
975dad73b6b5c8a4f3170049d1c88b43	0	0	0	0	0	0	0	0	0	0	0	0	0	0	0	211
0b36c352632cb1346cdc7d73f9fb376c	0	0	0	0	0	0	0	0	0	0	0	0	0	0	0	2221
5be702f5961044a85cb6c9c107c0ac3d	0	0	0	0	0	0	0	0	0	0	0	0	0	0	0	956
dd1fa346784dbd6a113b8270f7ea0fe1	0	0	0	0	0	0	0	0	0	0	0	0	0	0	0	108
9bb276530d60c2d320b7fd8bc8cf8613	0	0	0	0	0	0	0	0	0	0	0	0	0	0	0	1119
653845d7ac4a389e408b417509083526	0	0	0	0	0	0	0	0	0	0	0	0	0	0	0	53
b65257b7b599393fe81e6694584e1619	0	0	0	0	0	0	0	0	0	0	0	0	0	0	0	520
dee42ce3aa52ffbe2c350ee23b491242	0	0	0	0	0	0	0	0	0	0	0	0	0	0	0	2463
ace853cd3b53581a90639a4cdf0ff326	0	0	0	0	0	0	0	0	0	0	0	0	0	0	0	614
3cadeaf58c3e1bcbf1e768548caf2965	0	0	0	0	0	0	0	0	0	0	0	0	0	0	0	676
2500422919f98bed627f3fd491e508a8	0	0	0	0	0	0	0	0	0	0	0	0	0	0	0	1845
7f123030666f7b3b167ba73deb556e84	0	0	0	0	0	0	0	0	0	0	0	0	0	0	0	14
696f3338a12f82a5e82d9be6b7eec9e4	0	0	0	0	0	0	0	0	0	0	0	0	0	0	0	892
e231258638f4747d5f8d53881f9a6de9	0	0	0	0	0	0	0	0	0	0	0	0	0	0	0	11
c129db2a7b12da1ca13e1f32cbc6b622	0	0	0	0	0	0	0	0	0	0	0	0	0	0	0	2154
bca92bacb095b7b7038fa9db51eecb3a	0	0	0	0	0	0	0	0	0	0	0	0	0	0	0	454
8b4439bed519eaec4d44d6441bfbb43c	0	0	0	0	0	0	0	0	0	0	0	0	0	0	0	392
e98132a10921e5ae8653c57c39d65bb9	0	0	0	0	0	0	0	0	0	0	0	0	0	0	0	691
a40c6cc9186e4d6cd58f6eee99ec8611	0	0	0	0	0	0	0	0	0	0	0	0	0	0	0	39
6ff49deb8e200874c377a3047fe0e27e	0	0	0	0	0	0	0	0	0	0	0	0	0	0	0	233
214c3bf1651ec9852056c92985d4985a	0	0	0	0	0	0	0	0	0	0	0	0	0	0	0	628
bdff901737814a4e84589c69457054ee	0	0	0	0	0	0	0	0	0	0	0	0	0	0	0	85
d0ae8daae3415cf4d419f396012f8772	0	0	0	0	0	0	0	0	0	0	0	0	0	0	0	2114
0dde142b152b0df89488ac414bd30484	0	0	0	0	0	0	0	0	0	0	0	0	0	0	0	1723
4b66127559d2be02ee3bbe0181834938	0	0	0	0	0	0	0	0	0	0	0	0	0	0	0	1173
183c27c56ef90138d08d2170c75bc939	0	0	0	0	0	0	0	0	0	0	0	0	0	0	0	1598
070b1a1bf2235409b75f08cca2f4eed5	0	0	0	0	0	0	0	0	0	0	0	0	0	0	0	136
58eeff633dc4e6d7ac0c25857aa7e28e	0	0	0	0	0	0	0	0	0	0	0	0	0	0	0	17
3fb11383d86dfad2dfd111339161741f	0	0	0	0	0	0	0	0	0	0	0	0	0	0	0	2178
b6910d028fa07792164800401ad25bb5	0	0	0	0	0	0	0	0	0	0	0	0	0	0	0	1745
9144e10aea82cba78aa432f4444764d9	0	0	0	0	0	0	0	0	0	0	0	0	0	0	0	577
21ddcacadc87af0b698f549b25824811	0	0	0	0	0	0	0	0	0	0	0	0	0	0	0	631
e2c344abce4d3f44268090dea1f29daf	0	0	0	0	0	0	0	0	0	0	0	0	0	0	0	1684
d86ac9a0b15bec52e284b86207736e36	0	0	0	0	0	0	0	0	0	0	0	0	0	0	0	60
cea9b7a8a989adf8b2cd835c5e07e993	0	0	0	0	0	0	0	0	0	0	0	0	0	0	0	1446
c5f68e0c74d1aee755bbb3f9160cc2f3	0	0	0	0	0	0	0	0	0	0	0	0	0	0	0	904
2a8b072fb29a41c14306e447f2612712	0	0	0	0	0	0	0	0	0	0	0	0	0	0	0	1540
a579bcbfd755448391d5caa8b095b71b	0	0	0	0	0	0	0	0	0	0	0	0	0	0	0	516
e2bd3a9338e344ff658675239fdea3ff	0	0	0	0	0	0	0	0	0	0	0	0	0	0	0	601
1c7951885018af9fae04a21772ae6db1	0	0	0	0	0	0	0	0	0	0	0	0	0	0	0	221
f8da652158cd79faa822144f404895aa	0	0	0	0	0	0	0	0	0	0	0	0	0	0	0	1255
73e91ea39b125e7c22110c6b70b55815	0	0	0	0	0	0	0	0	0	0	0	0	0	0	0	15
c5b5b42d71e0c1b1ef1e62af0622cd9f	0	0	0	0	0	0	0	0	0	0	0	0	0	0	0	1404
1517ea5baaed8dfea194211b2094ba87	0	0	0	0	0	0	0	0	0	0	0	0	0	0	0	1141
f624534397f9ffcf122db42472168065	0	0	0	0	0	0	0	0	0	0	0	0	0	0	0	1021
db71e335bc263a02d10d6331d567e4ba	0	0	0	0	0	0	0	0	0	0	0	0	0	0	0	3141
79ca44df3645706b6135b0c274aa5648	0	0	0	0	0	0	0	0	0	0	0	0	0	0	0	1206
79a5f6ca744724a8df167338d0f7adbd	0	0	0	0	0	0	0	0	0	0	0	0	0	0	0	254
d05f52e0f6bf666813970c989d220531	0	0	0	0	0	0	0	0	0	0	0	0	0	0	0	936
49092c8564d5ee927518dd5076707c81	0	0	0	0	0	0	0	0	0	0	0	0	0	0	0	1967
e21a9ebf916a29f33cd545d49bd86622	0	0	0	0	0	0	0	0	0	0	0	0	0	0	0	50
5c60f84b3d868e8544e0b7805e20ae77	0	0	0	0	0	0	0	0	0	0	0	0	0	0	0	1506
59edaea53c0130257ef42eea71801ee7	0	0	0	0	0	0	0	0	0	0	0	0	0	0	0	131
05bdadc3e5dc416932801d801317f742	0	0	0	0	0	0	0	0	0	0	0	0	0	0	0	740
1f52a374d9affa33410a46ec37a240a4	0	0	0	0	0	0	0	0	0	0	0	0	0	0	0	2464
04ef69a5bc7108b78a0d5976639aee1d	0	0	0	0	0	0	0	0	0	0	0	0	0	0	0	4040
73b29f40bfeffaae97a8a7b739368b4a	0	0	0	0	0	0	0	0	0	0	0	0	0	0	0	1488
f5e245ca60f2f887187195ba2cacae02	0	0	0	0	0	0	0	0	0	0	0	0	0	0	0	29
d6a526b572996ed919a3e009473bc860	0	0	0	0	0	0	0	0	0	0	0	0	0	0	0	1185
7389b6c11a50061a457df7ef95f06d22	0	0	0	0	0	0	0	0	0	0	0	0	0	0	0	204
8e653dbf24db6f6a27e7a2f68076d53f	0	0	0	0	0	0	0	0	0	0	0	0	0	0	0	1682
b271908639811491ab67819916d91ddb	0	0	0	0	0	0	0	0	0	0	0	0	0	0	0	20
5273f40e08432fec93c4635a77259068	0	0	0	0	0	0	0	0	0	0	0	0	0	0	0	74
33f9d71a1fa01a08b6b5a896639b165d	0	0	0	0	0	0	0	0	0	0	0	0	0	0	0	662
4ef40ec631485eb074db32aed115a06f	0	0	0	0	0	0	0	0	0	0	0	0	0	0	0	955
